1305031790.645155 rgb/1305031790.645155.png 1305031790.640600 0.4388 -0.4332 1.4779 0.8596 -0.3534 0.0838 -0.3594
1305031790.681208 rgb/1305031790.681208.png 1305031790.680600 0.4389 -0.4402 1.4698 0.8628 -0.3571 0.0780 -0.3492
1305031790.713097 rgb/1305031790.713097.png 1305031790.710600 0.4390 -0.4459 1.4644 0.8651 -0.3609 0.0735 -0.3406
1305031790.745223 rgb/1305031790.745223.png 1305031790.740600 0.4393 -0.4516 1.4593 0.8654 -0.3660 0.0699 -0.3350
1305031790.781258 rgb/1305031790.781258.png 1305031790.780600 0.4404 -0.4592 1.4530 0.8661 -0.3748 0.0642 -0.3244
1305031790.813207 rgb/1305031790.813207.png 1305031790.810500 0.4414 -0.4650 1.4484 0.8675 -0.3822 0.0577 -0.3131
1305031790.845151 rgb/1305031790.845151.png 1305031790.840500 0.4425 -0.4708 1.4441 0.8683 -0.3903 0.0519 -0.3018
1305031790.882094 rgb/1305031790.882094.png 1305031790.880600 0.4448 -0.4782 1.4397 0.8681 -0.3997 0.0487 -0.2904
1305031790.913129 rgb/1305031790.913129.png 1305031790.910600 0.4468 -0.4835 1.4372 0.8662 -0.4074 0.0484 -0.2851
1305031790.945171 rgb/1305031790.945171.png 1305031790.940600 0.4486 -0.4886 1.4356 0.8646 -0.4146 0.0491 -0.2797
1305031790.981159 rgb/1305031790.981159.png 1305031790.980500 0.4510 -0.4949 1.4352 0.8602 -0.4250 0.0499 -0.2773
1305031791.013075 rgb/1305031791.013075.png 1305031791.010500 0.4529 -0.4992 1.4370 0.8543 -0.4330 0.0543 -0.2824
1305031791.045137 rgb/1305031791.045137.png 1305031791.040600 0.4549 -0.5034 1.4402 0.8464 -0.4416 0.0620 -0.2910
1305031791.081293 rgb/1305031791.081293.png 1305031791.080500 0.4572 -0.5088 1.4469 0.8371 -0.4538 0.0742 -0.2965
1305031791.113136 rgb/1305031791.113136.png 1305031791.110500 0.4585 -0.5122 1.4540 0.8277 -0.4599 0.0913 -0.3084
1305031791.145096 rgb/1305031791.145096.png 1305031791.140600 0.4595 -0.5154 1.4618 0.8162 -0.4661 0.1129 -0.3222
1305031791.181287 rgb/1305031791.181287.png 1305031791.180600 0.4606 -0.5190 1.4721 0.8021 -0.4733 0.1411 -0.3358
1305031791.213098 rgb/1305031791.213098.png 1305031791.210600 0.4609 -0.5207 1.4812 0.7898 -0.4753 0.1650 -0.3509
1305031791.245087 rgb/1305031791.245087.png 1305031791.240600 0.4612 -0.5222 1.4899 0.7761 -0.4801 0.1875 -0.3634
1305031791.281340 rgb/1305031791.281340.png 1305031791.280500 0.4610 -0.5230 1.5011 0.7578 -0.4883 0.2147 -0.3757
1305031791.313088 rgb/1305031791.313088.png 1305031791.310500 0.4604 -0.5227 1.5102 0.7413 -0.4919 0.2378 -0.3899
1305031791.345123 rgb/1305031791.345123.png 1305031791.340600 0.4593 -0.5221 1.5190 0.7257 -0.4965 0.2582 -0.4002
1305031791.382161 rgb/1305031791.382161.png 1305031791.380600 0.4574 -0.5204 1.5299 0.7057 -0.5037 0.2805 -0.4118
1305031791.413087 rgb/1305031791.413087.png 1305031791.410500 0.4557 -0.5180 1.5383 0.6881 -0.5074 0.2953 -0.4265
1305031791.445165 rgb/1305031791.445165.png 1305031791.440600 0.4535 -0.5156 1.5466 0.6704 -0.5118 0.3085 -0.4399
1305031791.481375 rgb/1305031791.481375.png 1305031791.480500 0.4502 -0.5119 1.5564 0.6520 -0.5161 0.3222 -0.4526
1305031791.513084 rgb/1305031791.513084.png 1305031791.510500 0.4478 -0.5083 1.5637 0.6390 -0.5149 0.3327 -0.4647
1305031791.545065 rgb/1305031791.545065.png 1305031791.540600 0.4449 -0.5047 1.5708 0.6264 -0.5141 0.3427 -0.4753
1305031791.581127 rgb/1305031791.581127.png 1305031791.580500 0.4414 -0.4997 1.5799 0.6106 -0.5150 0.3558 -0.4852
1305031791.613194 rgb/1305031791.613194.png 1305031791.610500 0.4379 -0.4959 1.5865 0.6030 -0.5118 0.3648 -0.4912
1305031791.645074 rgb/1305031791.645074.png 1305031791.640600 0.4342 -0.4921 1.5934 -0.5925 0.5062 -0.3762 0.5012
1305031791.681062 rgb/1305031791.681062.png 1305031791.680500 0.4290 -0.4874 1.6027 -0.5744 0.5029 -0.3912 0.5139
1305031791.713242 rgb/1305031791.713242.png 1305031791.710500 0.4250 -0.4842 1.6099 -0.5602 0.5002 -0.4030 0.5230
1305031791.745148 rgb/1305031791.745148.png 1305031791.740500 0.4210 -0.4810 1.6175 -0.5471 0.4967 -0.4157 0.5304
1305031791.781286 rgb/1305031791.781286.png 1305031791.780500 0.4151 -0.4773 1.6279 -0.5302 0.4925 -0.4324 0.5379
1305031791.813247 rgb/1305031791.813247.png 1305031791.810600 0.4105 -0.4749 1.6360 -0.5165 0.4886 -0.4459 0.5438
1305031791.845123 rgb/1305031791.845123.png 1305031791.840500 0.4062 -0.4727 1.6441 -0.5016 0.4854 -0.4594 0.5493
1305031791.881072 rgb/1305031791.881072.png 1305031791.880600 0.4004 -0.4700 1.6545 -0.4856 0.4827 -0.4731 0.5545
1305031791.913193 rgb/1305031791.913193.png 1305031791.910600 0.3964 -0.4681 1.6622 -0.4739 0.4793 -0.4817 0.5601
1305031791.948998 rgb/1305031791.948998.png 1305031791.950500 0.3912 -0.4662 1.6722 -0.4590 0.4735 -0.4921 0.5682
1305031791.981259 rgb/1305031791.981259.png 1305031791.980600 0.3874 -0.4651 1.6795 -0.4491 0.4696 -0.5006 0.5721
1305031792.013213 rgb/1305031792.013213.png 1305031792.010500 0.3837 -0.4642 1.6869 -0.4393 0.4634 -0.5098 0.5765
1305031792.050221 rgb/1305031792.050221.png 1305031792.050500 0.3797 -0.4631 1.6964 -0.4297 0.4560 -0.5191 0.5814
1305031792.081058 rgb/1305031792.081058.png 1305031792.080600 0.3772 -0.4629 1.7032 -0.4248 0.4526 -0.5246 0.5827
1305031792.113127 rgb/1305031792.113127.png 1305031792.110500 0.3747 -0.4630 1.7097 -0.4178 0.4501 -0.5286 0.5860
1305031792.149109 rgb/1305031792.149109.png 1305031792.150600 0.3717 -0.4637 1.7177 -0.4133 0.4459 -0.5334 0.5881
1305031792.181099 rgb/1305031792.181099.png 1305031792.180600 0.3693 -0.4644 1.7229 -0.4105 0.4417 -0.5385 0.5886
1305031792.213166 rgb/1305031792.213166.png 1305031792.210500 0.3667 -0.4655 1.7272 -0.4076 0.4380 -0.5429 0.5892
1305031792.249088 rgb/1305031792.249088.png 1305031792.250500 0.3639 -0.4675 1.7316 -0.4052 0.4346 -0.5462 0.5904
1305031792.281069 rgb/1305031792.281069.png 1305031792.280500 0.3625 -0.4694 1.7335 -0.4057 0.4337 -0.5466 0.5904
1305031792.313073 rgb/1305031792.313073.png 1305031792.310500 0.3614 -0.4716 1.7344 -0.4063 0.4327 -0.5460 0.5912
1305031792.349198 rgb/1305031792.349198.png 1305031792.350600 0.3612 -0.4750 1.7340 -0.4125 0.4359 -0.5414 0.5889
1305031792.381062 rgb/1305031792.381062.png 1305031792.380600 0.3621 -0.4781 1.7326 -0.4172 0.4420 -0.5374 0.5846
1305031792.413074 rgb/1305031792.413074.png 1305031792.410500 0.3630 -0.4815 1.7302 -0.4228 0.4492 -0.5318 0.5801
1305031792.449168 rgb/1305031792.449168.png 1305031792.450500 0.3648 -0.4867 1.7260 -0.4310 0.4583 -0.5233 0.5747
1305031792.481098 rgb/1305031792.481098.png 1305031792.480500 0.3664 -0.4910 1.7218 -0.4388 0.4680 -0.5145 0.5690
1305031792.513052 rgb/1305031792.513052.png 1305031792.510600 0.3685 -0.4954 1.7169 -0.4469 0.4780 -0.5053 0.5626
1305031792.549157 rgb/1305031792.549157.png 1305031792.550500 0.3719 -0.5014 1.7097 -0.4585 0.4913 -0.4934 0.5522
1305031792.581136 rgb/1305031792.581136.png 1305031792.580500 0.3741 -0.5063 1.7033 -0.4677 0.5014 -0.4851 0.5427
1305031792.613102 rgb/1305031792.613102.png 1305031792.610500 0.3765 -0.5113 1.6966 -0.4761 0.5115 -0.4776 0.5326
1305031792.649254 rgb/1305031792.649254.png 1305031792.650500 0.3794 -0.5185 1.6875 -0.4868 0.5227 -0.4698 0.5187
1305031792.681063 rgb/1305031792.681063.png 1305031792.680500 0.3816 -0.5240 1.6803 -0.4946 0.5310 -0.4631 0.5088
1305031792.713116 rgb/1305031792.713116.png 1305031792.710500 0.3836 -0.5292 1.6731 -0.5042 0.5400 -0.4543 0.4978
1305031792.749097 rgb/1305031792.749097.png 1305031792.750600 0.3870 -0.5363 1.6632 -0.5148 0.5486 -0.4450 0.4858
1305031792.781106 rgb/1305031792.781106.png 1305031792.780500 0.3897 -0.5414 1.6553 -0.5220 0.5576 -0.4356 0.4763
1305031792.813144 rgb/1305031792.813144.png 1305031792.810600 0.3932 -0.5460 1.6472 -0.5282 0.5665 -0.4270 0.4667
1305031792.849022 rgb/1305031792.849022.png 1305031792.850500 0.3972 -0.5524 1.6362 -0.5363 0.5760 -0.4177 0.4540
1305031792.881064 rgb/1305031792.881064.png 1305031792.880500 0.4002 -0.5571 1.6278 -0.5407 0.5842 -0.4109 0.4444
1305031792.913316 rgb/1305031792.913316.png 1305031792.910500 0.4028 -0.5618 1.6194 -0.5451 0.5923 -0.4026 0.4358
1305031792.949047 rgb/1305031792.949047.png 1305031792.950500 0.4063 -0.5680 1.6082 -0.5497 0.6047 -0.3881 0.4261
1305031792.981139 rgb/1305031792.981139.png 1305031792.980500 0.4087 -0.5724 1.6001 -0.5535 0.6160 -0.3741 0.4174
1305031793.013059 rgb/1305031793.013059.png 1305031793.010600 0.4112 -0.5769 1.5922 -0.5565 0.6258 -0.3618 0.4095
1305031793.049115 rgb/1305031793.049115.png 1305031793.050500 0.4138 -0.5832 1.5823 -0.5576 0.6373 -0.3499 0.4005
1305031793.081172 rgb/1305031793.081172.png 1305031793.080500 0.4153 -0.5880 1.5750 -0.5576 0.6461 -0.3429 0.3925
1305031793.113126 rgb/1305031793.113126.png 1305031793.110500 0.4165 -0.5926 1.5678 -0.5568 0.6545 -0.3386 0.3833
1305031793.149098 rgb/1305031793.149098.png 1305031793.150500 0.4178 -0.5985 1.5582 -0.5564 0.6645 -0.3332 0.3712
1305031793.181113 rgb/1305031793.181113.png 1305031793.180500 0.4188 -0.6027 1.5510 -0.5558 0.6707 -0.3317 0.3623
1305031793.213203 rgb/1305031793.213203.png 1305031793.210500 0.4197 -0.6064 1.5436 -0.5546 0.6772 -0.3301 0.3534
1305031793.249128 rgb/1305031793.249128.png 1305031793.250500 0.4212 -0.6112 1.5335 -0.5542 0.6855 -0.3275 0.3403
1305031793.281300 rgb/1305031793.281300.png 1305031793.280500 0.4223 -0.6143 1.5258 -0.5535 0.6911 -0.3261 0.3310
1305031793.313159 rgb/1305031793.313159.png 1305031793.310500 0.4233 -0.6171 1.5176 -0.5516 0.6984 -0.3225 0.3224
1305031793.349110 rgb/1305031793.349110.png 1305031793.350500 0.4250 -0.6201 1.5060 -0.5509 0.7069 -0.3162 0.3111
1305031793.381139 rgb/1305031793.381139.png 1305031793.380500 0.4260 -0.6214 1.4970 -0.5493 0.7137 -0.3114 0.3031
1305031793.413790 rgb/1305031793.413790.png 1305031793.410600 0.4270 -0.6224 1.4876 -0.5477 0.7208 -0.3060 0.2946
1305031793.449092 rgb/1305031793.449092.png 1305031793.450500 0.4287 -0.6230 1.4748 -0.5445 0.7297 -0.3010 0.2837
1305031793.481359 rgb/1305031793.481359.png 1305031793.480500 0.4301 -0.6231 1.4649 -0.5409 0.7376 -0.2962 0.2751
1305031793.513246 rgb/1305031793.513246.png 1305031793.510500 0.4318 -0.6228 1.4552 -0.5375 0.7445 -0.2917 0.2679
1305031793.549071 rgb/1305031793.549071.png 1305031793.550500 0.4348 -0.6224 1.4425 -0.5336 0.7544 -0.2832 0.2566
1305031793.581157 rgb/1305031793.581157.png 1305031793.580500 0.4375 -0.6216 1.4328 -0.5271 0.7640 -0.2766 0.2491
1305031793.613153 rgb/1305031793.613153.png 1305031793.610600 0.4402 -0.6210 1.4237 -0.5223 0.7728 -0.2680 0.2412
1305031793.649429 rgb/1305031793.649429.png 1305031793.650500 0.4445 -0.6197 1.4118 -0.5167 0.7828 -0.2582 0.2315
1305031793.681107 rgb/1305031793.681107.png 1305031793.680500 0.4475 -0.6188 1.4030 -0.5125 0.7905 -0.2502 0.2231
1305031793.713169 rgb/1305031793.713169.png 1305031793.710500 0.4504 -0.6179 1.3949 -0.5083 0.7983 -0.2415 0.2145
1305031793.749040 rgb/1305031793.749040.png 1305031793.750500 0.4543 -0.6159 1.3836 -0.5020 0.8082 -0.2295 0.2052
1305031793.781106 rgb/1305031793.781106.png 1305031793.780500 0.4569 -0.6144 1.3757 -0.4987 0.8147 -0.2209 0.1967
1305031793.813185 rgb/1305031793.813185.png 1305031793.810500 0.4595 -0.6127 1.3684 -0.4950 0.8207 -0.2136 0.1891
1305031793.849143 rgb/1305031793.849143.png 1305031793.850500 0.4623 -0.6107 1.3601 -0.4892 0.8283 -0.2057 0.1797
1305031793.881130 rgb/1305031793.881130.png 1305031793.880500 0.4642 -0.6092 1.3544 -0.4836 0.8340 -0.2012 0.1738
1305031793.913043 rgb/1305031793.913043.png 1305031793.910500 0.4657 -0.6078 1.3495 -0.4790 0.8388 -0.1962 0.1689
1305031793.949037 rgb/1305031793.949037.png 1305031793.950500 0.4674 -0.6060 1.3437 -0.4749 0.8436 -0.1899 0.1632
1305031793.981122 rgb/1305031793.981122.png 1305031793.980500 0.4681 -0.6051 1.3403 -0.4707 0.8478 -0.1855 0.1589
1305031794.013091 rgb/1305031794.013091.png 1305031794.010500 0.4689 -0.6046 1.3377 -0.4658 0.8515 -0.1839 0.1554
1305031794.049085 rgb/1305031794.049085.png 1305031794.050500 0.4693 -0.6042 1.3356 -0.4609 0.8551 -0.1827 0.1516
1305031794.081104 rgb/1305031794.081104.png 1305031794.080500 0.4697 -0.6043 1.3349 -0.4569 0.8577 -0.1817 0.1503
1305031794.113117 rgb/1305031794.113117.png 1305031794.110500 0.4701 -0.6047 1.3353 -0.4535 0.8596 -0.1814 0.1502
1305031794.149250 rgb/1305031794.149250.png 1305031794.150500 0.4707 -0.6056 1.3377 -0.4496 0.8607 -0.1849 0.1510
1305031794.181114 rgb/1305031794.181114.png 1305031794.180500 0.4711 -0.6067 1.3408 -0.4469 0.8609 -0.1901 0.1518
1305031794.213850 rgb/1305031794.213850.png 1305031794.210500 0.4715 -0.6081 1.3451 -0.4451 0.8600 -0.1968 0.1534
1305031794.249049 rgb/1305031794.249049.png 1305031794.250500 0.4720 -0.6106 1.3522 -0.4418 0.8582 -0.2092 0.1570
1305031794.281224 rgb/1305031794.281224.png 1305031794.280500 0.4722 -0.6130 1.3584 -0.4399 0.8560 -0.2195 0.1601
1305031794.313689 rgb/1305031794.313689.png 1305031794.310500 0.4724 -0.6155 1.3653 -0.4385 0.8530 -0.2305 0.1644
1305031794.349120 rgb/1305031794.349120.png 1305031794.350500 0.4725 -0.6193 1.3755 -0.4367 0.8475 -0.2481 0.1718
1305031794.381128 rgb/1305031794.381128.png 1305031794.380500 0.4724 -0.6222 1.3837 -0.4359 0.8426 -0.2613 0.1780
1305031794.414141 rgb/1305031794.414141.png 1305031794.410500 0.4719 -0.6249 1.3918 -0.4369 0.8382 -0.2713 0.1817
1305031794.448978 rgb/1305031794.448978.png 1305031794.450500 0.4704 -0.6286 1.4036 -0.4366 0.8321 -0.2852 0.1887
1305031794.481048 rgb/1305031794.481048.png 1305031794.480500 0.4688 -0.6312 1.4130 -0.4322 0.8291 -0.2953 0.1965
1305031794.513623 rgb/1305031794.513623.png 1305031794.510500 0.4670 -0.6340 1.4221 -0.4284 0.8258 -0.3048 0.2039
1305031794.549055 rgb/1305031794.549055.png 1305031794.550400 0.4645 -0.6379 1.4337 -0.4227 0.8216 -0.3188 0.2114
1305031794.581098 rgb/1305031794.581098.png 1305031794.580500 0.4620 -0.6408 1.4427 -0.4175 0.8190 -0.3297 0.2149
1305031794.613605 rgb/1305031794.613605.png 1305031794.610500 0.4594 -0.6439 1.4512 -0.4112 0.8152 -0.3444 0.2184
1305031794.649050 rgb/1305031794.649050.png 1305031794.650500 0.4557 -0.6478 1.4624 -0.4025 0.8098 -0.3657 0.2203
1305031794.681066 rgb/1305031794.681066.png 1305031794.680500 0.4526 -0.6507 1.4706 -0.3959 0.8053 -0.3828 0.2195
1305031794.713569 rgb/1305031794.713569.png 1305031794.710500 0.4489 -0.6535 1.4789 -0.3880 0.8013 -0.3999 0.2177
1305031794.749055 rgb/1305031794.749055.png 1305031794.750400 0.4428 -0.6574 1.4907 -0.3728 0.7941 -0.4293 0.2149
1305031794.781053 rgb/1305031794.781053.png 1305031794.780500 0.4378 -0.6597 1.5003 -0.3617 0.7875 -0.4520 0.2114
1305031794.813436 rgb/1305031794.813436.png 1305031794.810500 0.4326 -0.6621 1.5100 -0.3515 0.7790 -0.4757 0.2082
1305031794.849048 rgb/1305031794.849048.png 1305031794.850500 0.4251 -0.6645 1.5234 -0.3377 0.7684 -0.5038 0.2041
1305031794.881088 rgb/1305031794.881088.png 1305031794.880500 0.4192 -0.6664 1.5338 -0.3270 0.7592 -0.5250 0.2028
1305031794.913315 rgb/1305031794.913315.png 1305031794.910400 0.4131 -0.6677 1.5445 -0.3171 0.7497 -0.5447 0.2018
1305031794.948993 rgb/1305031794.948993.png 1305031794.950500 0.4050 -0.6693 1.5589 -0.3065 0.7372 -0.5681 0.1996
1305031794.981050 rgb/1305031794.981050.png 1305031794.980600 0.3989 -0.6705 1.5696 -0.2994 0.7294 -0.5824 0.1979
1305031795.013529 rgb/1305031795.013529.png 1305031795.010500 0.3927 -0.6719 1.5802 -0.2921 0.7232 -0.5940 0.1969
1305031795.049021 rgb/1305031795.049021.png 1305031795.050400 0.3848 -0.6740 1.5939 -0.2832 0.7180 -0.6049 0.1960
1305031795.081170 rgb/1305031795.081170.png 1305031795.080500 0.3788 -0.6752 1.6043 -0.2778 0.7159 -0.6106 0.1936
1305031795.113213 rgb/1305031795.113213.png 1305031795.110500 0.3720 -0.6759 1.6158 -0.2694 0.7088 -0.6224 0.1940
1305031795.149077 rgb/1305031795.149077.png 1305031795.150500 0.3624 -0.6763 1.6316 -0.2556 0.6967 -0.6409 0.1961
1305031795.181142 rgb/1305031795.181142.png 1305031795.180500 0.3558 -0.6766 1.6428 -0.2460 0.6897 -0.6521 0.1964
1305031795.213481 rgb/1305031795.213481.png 1305031795.210500 0.3496 -0.6769 1.6538 -0.2368 0.6834 -0.6620 0.1967
1305031795.249044 rgb/1305031795.249044.png 1305031795.250400 0.3419 -0.6776 1.6676 -0.2267 0.6750 -0.6732 0.1993
1305031795.281099 rgb/1305031795.281099.png 1305031795.280500 0.3363 -0.6782 1.6772 0.2189 -0.6698 0.6807 -0.2005
1305031795.312920 rgb/1305031795.312920.png 1305031795.310600 0.3304 -0.6795 1.6859 0.2115 -0.6643 0.6886 -0.1993
1305031795.349100 rgb/1305031795.349100.png 1305031795.350500 0.3236 -0.6815 1.6963 0.2017 -0.6550 0.7012 -0.1962
1305031795.381002 rgb/1305031795.381002.png 1305031795.380400 0.3184 -0.6840 1.7033 0.1912 -0.6471 0.7129 -0.1910
1305031795.413224 rgb/1305031795.413224.png 1305031795.410500 0.3133 -0.6858 1.7090 0.1821 -0.6443 0.7194 -0.1849
1305031795.449070 rgb/1305031795.449070.png 1305031795.450500 0.3070 -0.6895 1.7159 0.1679 -0.6395 0.7290 -0.1771
1305031795.481096 rgb/1305031795.481096.png 1305031795.480400 0.3026 -0.6919 1.7201 0.1597 -0.6364 0.7349 -0.1714
1305031795.513242 rgb/1305031795.513242.png 1305031795.510500 0.2988 -0.6943 1.7240 0.1513 -0.6322 0.7415 -0.1661
1305031795.549114 rgb/1305031795.549114.png 1305031795.550500 0.2953 -0.6971 1.7280 0.1425 -0.6283 0.7481 -0.1591
1305031795.581136 rgb/1305031795.581136.png 1305031795.580500 0.2935 -0.6993 1.7305 0.1379 -0.6246 0.7534 -0.1523
1305031795.613267 rgb/1305031795.613267.png 1305031795.610500 0.2925 -0.7017 1.7323 0.1325 -0.6199 0.7595 -0.1457
1305031795.649064 rgb/1305031795.649064.png 1305031795.650500 0.2919 -0.7045 1.7335 0.1237 -0.6126 0.7683 -0.1382
1305031795.681015 rgb/1305031795.681015.png 1305031795.680600 0.2922 -0.7071 1.7331 0.1180 -0.6082 0.7734 -0.1340
1305031795.713123 rgb/1305031795.713123.png 1305031795.710500 0.2937 -0.7105 1.7313 0.1132 -0.6081 0.7749 -0.1302
1305031795.749082 rgb/1305031795.749082.png 1305031795.750500 0.2959 -0.7149 1.7268 0.1085 -0.6165 0.7709 -0.1180
1305031795.781166 rgb/1305031795.781166.png 1305031795.780500 0.2989 -0.7201 1.7229 0.1037 -0.6208 0.7690 -0.1115
1305031795.813074 rgb/1305031795.813074.png 1305031795.810500 0.3018 -0.7259 1.7187 0.0963 -0.6247 0.7678 -0.1045
1305031795.849070 rgb/1305031795.849070.png 1305031795.850500 0.3072 -0.7344 1.7117 0.0916 -0.6393 0.7573 -0.0968
1305031795.881078 rgb/1305031795.881078.png 1305031795.880500 0.3118 -0.7416 1.7059 0.0868 -0.6492 0.7499 -0.0930
1305031795.913138 rgb/1305031795.913138.png 1305031795.910500 0.3168 -0.7486 1.6997 0.0838 -0.6612 0.7400 -0.0906
1305031795.949065 rgb/1305031795.949065.png 1305031795.950400 0.3240 -0.7592 1.6906 0.0808 -0.6771 0.7265 -0.0849
1305031795.981148 rgb/1305031795.981148.png 1305031795.980500 0.3296 -0.7673 1.6831 0.0773 -0.6904 0.7149 -0.0793
1305031796.013148 rgb/1305031796.013148.png 1305031796.010500 0.3350 -0.7753 1.6756 0.0722 -0.7019 0.7047 -0.0740
1305031796.049088 rgb/1305031796.049088.png 1305031796.050500 0.3420 -0.7856 1.6652 -0.0667 0.7171 -0.6904 0.0681
1305031796.081227 rgb/1305031796.081227.png 1305031796.080500 0.3470 -0.7929 1.6570 -0.0642 0.7309 -0.6764 0.0641
1305031796.113719 rgb/1305031796.113719.png 1305031796.110500 0.3517 -0.8001 1.6483 -0.0610 0.7428 -0.6640 0.0605
1305031796.149087 rgb/1305031796.149087.png 1305031796.150500 0.3568 -0.8083 1.6369 -0.0546 0.7570 -0.6487 0.0560
1305031796.181009 rgb/1305031796.181009.png 1305031796.180500 0.3599 -0.8136 1.6283 -0.0484 0.7673 -0.6373 0.0528
1305031796.213056 rgb/1305031796.213056.png 1305031796.210500 0.3625 -0.8180 1.6195 -0.0426 0.7779 -0.6251 0.0481
1305031796.249114 rgb/1305031796.249114.png 1305031796.250500 0.3643 -0.8227 1.6084 -0.0330 0.7880 -0.6135 0.0403
1305031796.281099 rgb/1305031796.281099.png 1305031796.280400 0.3651 -0.8249 1.6002 -0.0253 0.7955 -0.6043 0.0362
1305031796.313206 rgb/1305031796.313206.png 1305031796.310600 0.3655 -0.8265 1.5916 -0.0192 0.8043 -0.5931 0.0325
1305031796.349054 rgb/1305031796.349054.png 1305031796.350500 0.3658 -0.8278 1.5805 -0.0120 0.8162 -0.5770 0.0280
1305031796.381169 rgb/1305031796.381169.png 1305031796.380500 0.3657 -0.8279 1.5723 -0.0062 0.8230 -0.5674 0.0255
1305031796.413114 rgb/1305031796.413114.png 1305031796.410500 0.3653 -0.8273 1.5637 -0.0013 0.8313 -0.5554 0.0229
1305031796.449049 rgb/1305031796.449049.png 1305031796.450500 0.3648 -0.8259 1.5524 0.0045 0.8421 -0.5389 0.0201
1305031796.481178 rgb/1305031796.481178.png 1305031796.480500 0.3642 -0.8243 1.5444 0.0077 0.8473 -0.5309 0.0169
1305031796.513165 rgb/1305031796.513165.png 1305031796.510500 0.3633 -0.8225 1.5362 0.0104 0.8535 -0.5208 0.0132
1305031796.549414 rgb/1305031796.549414.png 1305031796.550400 0.3616 -0.8199 1.5251 0.0154 0.8630 -0.5048 0.0086
1305031796.581120 rgb/1305031796.581120.png 1305031796.580500 0.3605 -0.8176 1.5167 0.0196 0.8690 -0.4943 0.0073
1305031796.613166 rgb/1305031796.613166.png 1305031796.610600 0.3590 -0.8149 1.5076 0.0223 0.8758 -0.4821 0.0076
1305031796.649028 rgb/1305031796.649028.png 1305031796.650500 0.3570 -0.8112 1.4954 0.0239 0.8860 -0.4630 0.0088
1305031796.681030 rgb/1305031796.681030.png 1305031796.680500 0.3552 -0.8082 1.4862 0.0259 0.8922 -0.4509 0.0098
1305031796.713147 rgb/1305031796.713147.png 1305031796.710500 0.3530 -0.8050 1.4771 0.0291 0.8978 -0.4393 0.0100
1305031796.749469 rgb/1305031796.749469.png 1305031796.750400 0.3501 -0.8003 1.4647 0.0332 0.9044 -0.4252 0.0110
1305031796.781363 rgb/1305031796.781363.png 1305031796.780500 0.3476 -0.7967 1.4553 0.0357 0.9102 -0.4125 0.0119
1305031796.813481 rgb/1305031796.813481.png 1305031796.810600 0.3446 -0.7929 1.4460 0.0397 0.9149 -0.4016 0.0136
1305031796.849581 rgb/1305031796.849581.png 1305031796.850500 0.3407 -0.7875 1.4340 0.0435 0.9200 -0.3892 0.0171
1305031796.881184 rgb/1305031796.881184.png 1305031796.880500 0.3377 -0.7830 1.4247 0.0455 0.9250 -0.3767 0.0202
1305031796.913356 rgb/1305031796.913356.png 1305031796.910400 0.3348 -0.7784 1.4155 0.0483 0.9301 -0.3633 0.0228
1305031796.949588 rgb/1305031796.949588.png 1305031796.950500 0.3311 -0.7722 1.4044 0.0516 0.9343 -0.3516 0.0264
1305031796.981203 rgb/1305031796.981203.png 1305031796.980500 0.3281 -0.7671 1.3965 0.0540 0.9380 -0.3413 0.0281
1305031797.013522 rgb/1305031797.013522.png 1305031797.010400 0.3250 -0.7618 1.3894 0.0554 0.9418 -0.3303 0.0280
1305031797.049323 rgb/1305031797.049323.png 1305031797.050500 0.3209 -0.7546 1.3805 0.0578 0.9458 -0.3186 0.0270
1305031797.081390 rgb/1305031797.081390.png 1305031797.080500 0.3173 -0.7492 1.3747 0.0585 0.9487 -0.3097 0.0259
1305031797.113039 rgb/1305031797.113039.png 1305031797.110400 0.3133 -0.7441 1.3694 0.0599 0.9515 -0.3006 0.0251
1305031797.149544 rgb/1305031797.149544.png 1305031797.150400 0.3074 -0.7378 1.3627 0.0667 0.9545 -0.2893 0.0262
1305031797.181422 rgb/1305031797.181422.png 1305031797.180500 0.3029 -0.7332 1.3581 0.0714 0.9569 -0.2801 0.0287
1305031797.213700 rgb/1305031797.213700.png 1305031797.210400 0.2985 -0.7286 1.3539 0.0743 0.9593 -0.2706 0.0325
1305031797.249703 rgb/1305031797.249703.png 1305031797.250400 0.2931 -0.7223 1.3484 0.0790 0.9627 -0.2560 0.0385
1305031797.281270 rgb/1305031797.281270.png 1305031797.280400 0.2894 -0.7179 1.3449 0.0807 0.9643 -0.2485 0.0427
1305031797.313580 rgb/1305031797.313580.png 1305031797.310400 0.2853 -0.7139 1.3420 0.0820 0.9660 -0.2410 0.0453
1305031797.349646 rgb/1305031797.349646.png 1305031797.350400 0.2796 -0.7092 1.3385 0.0846 0.9678 -0.2327 0.0456
1305031797.381715 rgb/1305031797.381715.png 1305031797.380500 0.2760 -0.7059 1.3359 0.0899 0.9685 -0.2273 0.0475
1305031797.413427 rgb/1305031797.413427.png 1305031797.410500 0.2718 -0.7031 1.3345 0.0932 0.9691 -0.2231 0.0488
1305031797.449441 rgb/1305031797.449441.png 1305031797.450400 0.2661 -0.7005 1.3335 0.0972 0.9693 -0.2202 0.0504
1305031797.481228 rgb/1305031797.481228.png 1305031797.480400 0.2619 -0.6990 1.3334 0.1008 0.9692 -0.2187 0.0520
1305031797.513094 rgb/1305031797.513094.png 1305031797.510400 0.2580 -0.6981 1.3341 0.1036 0.9694 -0.2157 0.0545
1305031797.549579 rgb/1305031797.549579.png 1305031797.550500 0.2524 -0.6981 1.3364 0.1061 0.9673 -0.2239 0.0546
1305031797.581134 rgb/1305031797.581134.png 1305031797.580500 0.2483 -0.6987 1.3395 0.1101 0.9649 -0.2321 0.0542
1305031797.613380 rgb/1305031797.613380.png 1305031797.610500 0.2439 -0.7002 1.3436 0.1153 0.9618 -0.2430 0.0517
1305031797.649456 rgb/1305031797.649456.png 1305031797.650400 0.2385 -0.7026 1.3508 0.1213 0.9565 -0.2613 0.0467
1305031797.681479 rgb/1305031797.681479.png 1305031797.680500 0.2346 -0.7044 1.3575 0.1231 0.9524 -0.2757 0.0422
1305031797.713069 rgb/1305031797.713069.png 1305031797.710500 0.2310 -0.7061 1.3649 0.1240 0.9488 -0.2883 0.0361
1305031797.749314 rgb/1305031797.749314.png 1305031797.750500 0.2263 -0.7086 1.3753 0.1248 0.9426 -0.3089 0.0245
1305031797.781335 rgb/1305031797.781335.png 1305031797.780500 0.2228 -0.7102 1.3834 0.1246 0.9390 -0.3203 0.0146
1305031797.815809 rgb/1305031797.815809.png 1305031797.820400 0.2187 -0.7122 1.3948 0.1246 0.9336 -0.3359 0.0037
1305031797.849286 rgb/1305031797.849286.png 1305031797.850500 0.2153 -0.7140 1.4038 0.1274 0.9279 -0.3504 -0.0044
1305031797.881089 rgb/1305031797.881089.png 1305031797.880500 0.2121 -0.7164 1.4129 0.1321 0.9209 -0.3666 -0.0125
1305031797.917110 rgb/1305031797.917110.png 1305031797.920400 0.2080 -0.7192 1.4252 0.1383 0.9114 -0.3869 -0.0243
1305031797.949860 rgb/1305031797.949860.png 1305031797.950500 0.2054 -0.7213 1.4348 0.1431 0.9034 -0.4028 -0.0325
1305031797.981341 rgb/1305031797.981341.png 1305031797.980400 0.2026 -0.7237 1.4447 0.1488 0.8944 -0.4196 -0.0419
1305031798.015014 rgb/1305031798.015014.png 1305031798.010500 0.2004 -0.7265 1.4545 0.1556 0.8853 -0.4353 -0.0503
1305031798.049486 rgb/1305031798.049486.png 1305031798.050400 0.1978 -0.7300 1.4674 0.1620 0.8747 -0.4526 -0.0612
1305031798.081407 rgb/1305031798.081407.png 1305031798.080500 0.1963 -0.7330 1.4776 0.1658 0.8649 -0.4686 -0.0702
1305031798.114761 rgb/1305031798.114761.png 1305031798.110500 0.1951 -0.7357 1.4878 0.1714 0.8562 -0.4811 -0.0784
1305031798.150524 rgb/1305031798.150524.png 1305031798.150500 0.1946 -0.7397 1.5013 0.1795 0.8450 -0.4960 -0.0884
1305031798.181474 rgb/1305031798.181474.png 1305031798.180500 0.1949 -0.7431 1.5108 0.1839 0.8377 -0.5055 -0.0945
1305031798.216929 rgb/1305031798.216929.png 1305031798.220400 0.1961 -0.7475 1.5232 0.1905 0.8277 -0.5174 -0.1046
1305031798.249819 rgb/1305031798.249819.png 1305031798.250400 0.1973 -0.7506 1.5324 0.1963 0.8186 -0.5275 -0.1144
1305031798.281361 rgb/1305031798.281361.png 1305031798.280500 0.1988 -0.7536 1.5412 0.2016 0.8098 -0.5368 -0.1241
1305031798.316991 rgb/1305031798.316991.png 1305031798.320500 0.2010 -0.7574 1.5522 0.2078 0.7986 -0.5484 -0.1351
1305031798.349307 rgb/1305031798.349307.png 1305031798.350400 0.2030 -0.7604 1.5599 0.2114 0.7891 -0.5587 -0.1428
1305031798.381404 rgb/1305031798.381404.png 1305031798.380400 0.2052 -0.7633 1.5673 0.2148 0.7804 -0.5674 -0.1509
1305031798.417222 rgb/1305031798.417222.png 1305031798.420400 0.2081 -0.7667 1.5767 0.2205 0.7683 -0.5785 -0.1628
1305031798.449035 rgb/1305031798.449035.png 1305031798.450400 0.2104 -0.7695 1.5837 0.2251 0.7583 -0.5873 -0.1713
1305031798.481500 rgb/1305031798.481500.png 1305031798.480400 0.2127 -0.7720 1.5908 0.2289 0.7478 -0.5970 -0.1788
1305031798.517143 rgb/1305031798.517143.png 1305031798.520400 0.2155 -0.7753 1.5999 0.2334 0.7349 -0.6078 -0.1901
1305031798.548961 rgb/1305031798.548961.png 1305031798.550400 0.2178 -0.7776 1.6066 0.2386 0.7240 -0.6158 -0.1992
1305031798.581180 rgb/1305031798.581180.png 1305031798.580500 0.2199 -0.7795 1.6133 0.2434 0.7130 -0.6244 -0.2062
1305031798.616885 rgb/1305031798.616885.png 1305031798.620400 0.2224 -0.7817 1.6225 0.2508 0.6983 -0.6351 -0.2148
1305031798.649358 rgb/1305031798.649358.png 1305031798.650500 0.2240 -0.7834 1.6298 0.2575 0.6887 -0.6410 -0.2202
1305031798.681151 rgb/1305031798.681151.png 1305031798.680500 0.2257 -0.7843 1.6377 0.2665 0.6785 -0.6467 -0.2245
1305031798.717510 rgb/1305031798.717510.png 1305031798.720400 0.2287 -0.7859 1.6487 0.2757 0.6633 -0.6561 -0.2313
1305031798.749406 rgb/1305031798.749406.png 1305031798.750400 0.2310 -0.7858 1.6566 -0.2789 -0.6530 0.6630 0.2370
1305031798.781065 rgb/1305031798.781065.png 1305031798.780500 0.2338 -0.7853 1.6640 -0.2793 -0.6436 0.6696 0.2437
1305031798.816637 rgb/1305031798.816637.png 1305031798.820500 0.2368 -0.7847 1.6742 -0.2804 -0.6254 0.6814 0.2567
1305031798.849096 rgb/1305031798.849096.png 1305031798.850500 0.2396 -0.7832 1.6810 -0.2811 -0.6167 0.6865 0.2634
1305031798.881162 rgb/1305031798.881162.png 1305031798.880500 0.2421 -0.7817 1.6874 -0.2797 -0.6081 0.6921 0.2702
1305031798.916729 rgb/1305031798.916729.png 1305031798.920500 0.2452 -0.7794 1.6950 -0.2758 -0.5989 0.6986 0.2778
1305031798.949081 rgb/1305031798.949081.png 1305031798.950400 0.2471 -0.7772 1.7001 -0.2743 -0.5922 0.7028 0.2829
1305031798.981161 rgb/1305031798.981161.png 1305031798.980500 0.2490 -0.7744 1.7047 -0.2736 -0.5853 0.7070 0.2876
1305031799.016404 rgb/1305031799.016404.png 1305031799.020500 0.2508 -0.7703 1.7106 -0.2698 -0.5751 0.7137 0.2953
1305031799.049074 rgb/1305031799.049074.png 1305031799.050400 0.2517 -0.7664 1.7141 -0.2687 -0.5705 0.7148 0.3023
1305031799.084199 rgb/1305031799.084199.png 1305031799.080400 0.2520 -0.7622 1.7176 -0.2683 -0.5653 0.7159 0.3097
1305031799.116265 rgb/1305031799.116265.png 1305031799.120400 0.2517 -0.7559 1.7215 -0.2687 -0.5600 0.7164 0.3179
1305031799.149115 rgb/1305031799.149115.png 1305031799.150400 0.2510 -0.7504 1.7240 -0.2697 -0.5565 0.7163 0.3232
1305031799.184118 rgb/1305031799.184118.png 1305031799.180400 0.2500 -0.7447 1.7259 -0.2725 -0.5538 0.7168 0.3244
1305031799.216310 rgb/1305031799.216310.png 1305031799.220400 0.2479 -0.7367 1.7274 -0.2760 -0.5526 0.7161 0.3251
1305031799.249363 rgb/1305031799.249363.png 1305031799.250400 0.2461 -0.7304 1.7276 -0.2782 -0.5528 0.7142 0.3270
1305031799.282103 rgb/1305031799.282103.png 1305031799.280500 0.2439 -0.7240 1.7272 -0.2810 -0.5523 0.7123 0.3296
1305031799.317034 rgb/1305031799.317034.png 1305031799.320400 0.2408 -0.7152 1.7261 -0.2855 -0.5542 0.7073 0.3334
1305031799.349113 rgb/1305031799.349113.png 1305031799.350400 0.2382 -0.7082 1.7245 -0.2885 -0.5549 0.7040 0.3366
1305031799.385805 rgb/1305031799.385805.png 1305031799.390400 0.2341 -0.6990 1.7217 -0.2946 -0.5543 0.7004 0.3397
1305031799.417024 rgb/1305031799.417024.png 1305031799.420400 0.2309 -0.6927 1.7188 -0.2980 -0.5579 0.6963 0.3394
1305031799.449387 rgb/1305031799.449387.png 1305031799.450400 0.2274 -0.6866 1.7154 -0.3022 -0.5634 0.6901 0.3392
1305031799.485240 rgb/1305031799.485240.png 1305031799.480400 0.2240 -0.6802 1.7109 -0.3060 -0.5713 0.6822 0.3386
1305031799.517013 rgb/1305031799.517013.png 1305031799.520400 0.2193 -0.6722 1.7040 -0.3118 -0.5808 0.6720 0.3375
1305031799.549017 rgb/1305031799.549017.png 1305031799.550400 0.2155 -0.6667 1.6980 -0.3163 -0.5883 0.6640 0.3360
1305031799.581367 rgb/1305031799.581367.png 1305031799.580500 0.2118 -0.6615 1.6913 -0.3214 -0.5965 0.6553 0.3339
1305031799.617168 rgb/1305031799.617168.png 1305031799.620400 0.2074 -0.6548 1.6816 -0.3276 -0.6065 0.6447 0.3304
1305031799.649389 rgb/1305031799.649389.png 1305031799.650400 0.2044 -0.6505 1.6738 -0.3335 -0.6155 0.6354 0.3259
1305031799.685205 rgb/1305031799.685205.png 1305031799.680500 0.2012 -0.6465 1.6655 -0.3385 -0.6228 0.6274 0.3224
1305031799.717255 rgb/1305031799.717255.png 1305031799.720400 0.1979 -0.6409 1.6538 0.3450 0.6358 -0.6142 -0.3154
1305031799.749314 rgb/1305031799.749314.png 1305031799.750500 0.1961 -0.6366 1.6448 0.3512 0.6434 -0.6055 -0.3099
1305031799.785009 rgb/1305031799.785009.png 1305031799.780400 0.1935 -0.6332 1.6357 0.3556 0.6507 -0.5980 -0.3042
1305031799.814635 rgb/1305031799.814635.png 1305031799.810400 0.1915 -0.6301 1.6264 0.3611 0.6595 -0.5881 -0.2979
1305031799.849541 rgb/1305031799.849541.png 1305031799.850500 0.1887 -0.6268 1.6142 0.3696 0.6675 -0.5776 -0.2901
1305031799.885152 rgb/1305031799.885152.png 1305031799.880500 0.1873 -0.6245 1.6046 0.3742 0.6763 -0.5673 -0.2842
1305031799.916936 rgb/1305031799.916936.png 1305031799.920400 0.1849 -0.6218 1.5914 0.3809 0.6874 -0.5526 -0.2776
1305031799.949274 rgb/1305031799.949274.png 1305031799.950400 0.1832 -0.6200 1.5813 0.3876 0.6938 -0.5421 -0.2730
1305031799.985247 rgb/1305031799.985247.png 1305031799.980400 0.1822 -0.6181 1.5705 0.3939 0.7009 -0.5315 -0.2666
1305031800.017563 rgb/1305031800.017563.png 1305031800.020400 0.1804 -0.6161 1.5562 0.4009 0.7109 -0.5173 -0.2575
1305031800.049417 rgb/1305031800.049417.png 1305031800.050400 0.1791 -0.6147 1.5452 0.4066 0.7176 -0.5067 -0.2509
1305031800.085021 rgb/1305031800.085021.png 1305031800.080400 0.1780 -0.6132 1.5340 0.4115 0.7229 -0.4976 -0.2459
1305031800.117100 rgb/1305031800.117100.png 1305031800.120400 0.1763 -0.6114 1.5192 0.4183 0.7316 -0.4817 -0.2400
1305031800.149417 rgb/1305031800.149417.png 1305031800.150400 0.1749 -0.6100 1.5080 0.4243 0.7357 -0.4712 -0.2384
1305031800.185371 rgb/1305031800.185371.png 1305031800.180500 0.1741 -0.6079 1.4969 0.4316 0.7398 -0.4591 -0.2358
1305031800.217463 rgb/1305031800.217463.png 1305031800.220400 0.1725 -0.6058 1.4814 0.4409 0.7457 -0.4439 -0.2291
1305031800.249365 rgb/1305031800.249365.png 1305031800.250400 0.1713 -0.6049 1.4699 0.4483 0.7504 -0.4316 -0.2230
1305031800.285564 rgb/1305031800.285564.png 1305031800.290400 0.1703 -0.6033 1.4546 0.4546 0.7583 -0.4148 -0.2150
1305031800.317620 rgb/1305031800.317620.png 1305031800.320400 0.1690 -0.6022 1.4436 0.4620 0.7619 -0.4024 -0.2100
1305031800.353543 rgb/1305031800.353543.png 1305031800.350500 0.1676 -0.6016 1.4328 0.4693 0.7653 -0.3899 -0.2050
1305031800.386097 rgb/1305031800.386097.png 1305031800.390400 0.1656 -0.6007 1.4196 0.4793 0.7688 -0.3737 -0.1989
1305031800.417248 rgb/1305031800.417248.png 1305031800.420400 0.1642 -0.5999 1.4099 0.4858 0.7718 -0.3616 -0.1941
1305031800.453733 rgb/1305031800.453733.png 1305031800.450400 0.1629 -0.5990 1.4010 0.4933 0.7736 -0.3500 -0.1886
1305031800.485544 rgb/1305031800.485544.png 1305031800.490400 0.1614 -0.5980 1.3904 0.5031 0.7754 -0.3360 -0.1810
1305031800.517718 rgb/1305031800.517718.png 1305031800.520400 0.1601 -0.5976 1.3833 0.5108 0.7756 -0.3268 -0.1756
1305031800.553322 rgb/1305031800.553322.png 1305031800.550400 0.1584 -0.5979 1.3764 0.5173 0.7750 -0.3192 -0.1729
1305031800.585471 rgb/1305031800.585471.png 1305031800.590400 0.1573 -0.5981 1.3688 0.5252 0.7764 -0.3052 -0.1678
1305031800.617797 rgb/1305031800.617797.png 1305031800.620400 0.1563 -0.5986 1.3635 0.5303 0.7775 -0.2956 -0.1642
1305031800.653606 rgb/1305031800.653606.png 1305031800.650500 0.1552 -0.5996 1.3588 0.5344 0.7784 -0.2873 -0.1608
1305031800.685391 rgb/1305031800.685391.png 1305031800.680400 0.1546 -0.6005 1.3543 0.5403 0.7789 -0.2781 -0.1553
1305031800.713928 rgb/1305031800.713928.png 1305031800.710400 0.1536 -0.6018 1.3506 0.5453 0.7786 -0.2713 -0.1512
1305031800.753142 rgb/1305031800.753142.png 1305031800.750500 0.1517 -0.6040 1.3472 0.5520 0.7771 -0.2642 -0.1467
1305031800.784048 rgb/1305031800.784048.png 1305031800.780400 0.1497 -0.6056 1.3457 0.5581 0.7742 -0.2609 -0.1453
1305031800.816073 rgb/1305031800.816073.png 1305031800.820400 0.1467 -0.6081 1.3464 0.5644 0.7689 -0.2616 -0.1477
1305031800.853902 rgb/1305031800.853902.png 1305031800.850400 0.1441 -0.6100 1.3487 0.5689 0.7633 -0.2653 -0.1526
1305031800.885387 rgb/1305031800.885387.png 1305031800.880400 0.1411 -0.6121 1.3525 0.5733 0.7562 -0.2715 -0.1602
1305031800.917407 rgb/1305031800.917407.png 1305031800.920400 0.1372 -0.6148 1.3590 0.5780 0.7477 -0.2797 -0.1692
1305031800.953310 rgb/1305031800.953310.png 1305031800.950400 0.1337 -0.6170 1.3657 0.5803 0.7387 -0.2915 -0.1807
1305031800.985456 rgb/1305031800.985456.png 1305031800.990400 0.1292 -0.6197 1.3757 0.5831 0.7247 -0.3086 -0.1991
1305031801.017245 rgb/1305031801.017245.png 1305031801.020400 0.1259 -0.6216 1.3838 0.5854 0.7140 -0.3194 -0.2134
1305031801.053185 rgb/1305031801.053185.png 1305031801.050400 0.1225 -0.6236 1.3923 0.5855 0.7028 -0.3322 -0.2302
1305031801.085451 rgb/1305031801.085451.png 1305031801.080800 0.1196 -0.6257 1.4012 0.5849 0.6923 -0.3438 -0.2457
1305031801.118492 rgb/1305031801.118492.png 1305031801.120400 0.1165 -0.6281 1.4130 0.5839 0.6799 -0.3550 -0.2659
1305031801.149531 rgb/1305031801.149531.png 1305031801.150400 0.1143 -0.6299 1.4225 0.5813 0.6696 -0.3648 -0.2839
1305031801.183861 rgb/1305031801.183861.png 1305031801.180400 0.1126 -0.6316 1.4323 0.5795 0.6581 -0.3743 -0.3016
1305031801.213116 rgb/1305031801.213116.png 1305031801.210400 0.1110 -0.6331 1.4423 0.5775 0.6461 -0.3843 -0.3183
1305031801.253716 rgb/1305031801.253716.png 1305031801.250500 0.1095 -0.6351 1.4558 0.5736 0.6321 -0.3968 -0.3375
1305031801.285330 rgb/1305031801.285330.png 1305031801.280400 0.1087 -0.6365 1.4663 0.5698 0.6227 -0.4057 -0.3507
1305031801.317991 rgb/1305031801.317991.png 1305031801.320400 0.1083 -0.6378 1.4804 0.5654 0.6100 -0.4171 -0.3665
1305031801.353056 rgb/1305031801.353056.png 1305031801.350500 0.1083 -0.6381 1.4908 0.5625 0.6010 -0.4244 -0.3772
1305031801.385161 rgb/1305031801.385161.png 1305031801.380500 0.1085 -0.6385 1.5011 0.5594 0.5935 -0.4305 -0.3867
1305031801.417254 rgb/1305031801.417254.png 1305031801.420400 0.1087 -0.6385 1.5143 0.5540 0.5835 -0.4401 -0.3987
1305031801.453669 rgb/1305031801.453669.png 1305031801.450400 0.1091 -0.6383 1.5239 0.5507 0.5765 -0.4462 -0.4066
1305031801.485339 rgb/1305031801.485339.png 1305031801.480400 0.1100 -0.6377 1.5332 0.5467 0.5695 -0.4530 -0.4142
1305031801.521102 rgb/1305031801.521102.png 1305031801.520400 0.1112 -0.6367 1.5452 0.5403 0.5597 -0.4643 -0.4234
1305031801.550360 rgb/1305031801.550360.png 1305031801.550400 0.1122 -0.6358 1.5539 0.5346 0.5536 -0.4719 -0.4302
1305031801.585121 rgb/1305031801.585121.png 1305031801.580400 0.1133 -0.6345 1.5624 0.5297 0.5463 -0.4800 -0.4367
1305031801.621195 rgb/1305031801.621195.png 1305031801.620400 0.1153 -0.6323 1.5734 0.5228 0.5352 -0.4915 -0.4457
1305031801.653120 rgb/1305031801.653120.png 1305031801.650400 0.1167 -0.6304 1.5818 0.5149 0.5254 -0.5019 -0.4549
1305031801.685203 rgb/1305031801.685203.png 1305031801.680400 0.1186 -0.6283 1.5903 0.5064 0.5149 -0.5126 -0.4644
1305031801.721817 rgb/1305031801.721817.png 1305031801.720400 0.1216 -0.6250 1.6009 -0.4974 -0.5040 0.5229 0.4745
1305031801.752480 rgb/1305031801.752480.png 1305031801.750500 0.1233 -0.6220 1.6085 -0.4895 -0.4954 0.5307 0.4829
1305031801.785174 rgb/1305031801.785174.png 1305031801.780500 0.1255 -0.6190 1.6160 -0.4827 -0.4880 0.5375 0.4898
1305031801.821418 rgb/1305031801.821418.png 1305031801.820400 0.1286 -0.6141 1.6253 -0.4754 -0.4787 0.5437 0.4993
1305031801.851002 rgb/1305031801.851002.png 1305031801.850400 0.1307 -0.6100 1.6319 -0.4697 -0.4702 0.5501 0.5057
1305031801.885576 rgb/1305031801.885576.png 1305031801.890400 0.1316 -0.6040 1.6403 -0.4605 -0.4563 0.5589 0.5171
1305031801.921443 rgb/1305031801.921443.png 1305031801.920400 0.1328 -0.5997 1.6458 -0.4566 -0.4518 0.5629 0.5202
1305031801.953529 rgb/1305031801.953529.png 1305031801.950400 0.1332 -0.5950 1.6512 -0.4507 -0.4457 0.5692 0.5237
1305031801.985177 rgb/1305031801.985177.png 1305031801.980400 0.1335 -0.5899 1.6562 -0.4472 -0.4403 0.5750 0.5248
1305031802.019635 rgb/1305031802.019635.png 1305031802.020400 0.1342 -0.5827 1.6626 -0.4432 -0.4309 0.5841 0.5260
1305031802.053378 rgb/1305031802.053378.png 1305031802.050400 0.1345 -0.5772 1.6673 -0.4404 -0.4241 0.5890 0.5284
1305031802.085024 rgb/1305031802.085024.png 1305031802.080400 0.1348 -0.5719 1.6720 -0.4368 -0.4162 0.5926 0.5336
1305031802.121330 rgb/1305031802.121330.png 1305031802.120400 0.1356 -0.5650 1.6777 -0.4315 -0.4036 0.5964 0.5433
1305031802.153489 rgb/1305031802.153489.png 1305031802.150400 0.1355 -0.5599 1.6817 -0.4293 -0.3923 0.5977 0.5519
1305031802.184636 rgb/1305031802.184636.png 1305031802.180400 0.1356 -0.5554 1.6846 -0.4305 -0.3862 0.5967 0.5563
1305031802.219761 rgb/1305031802.219761.png 1305031802.220400 0.1350 -0.5493 1.6877 -0.4333 -0.3784 0.5937 0.5626
1305031802.253164 rgb/1305031802.253164.png 1305031802.250400 0.1343 -0.5448 1.6891 -0.4377 -0.3727 0.5911 0.5657
1305031802.285391 rgb/1305031802.285391.png 1305031802.280500 0.1334 -0.5406 1.6898 -0.4437 -0.3690 0.5874 0.5674
1305031802.321380 rgb/1305031802.321380.png 1305031802.320500 0.1314 -0.5359 1.6895 -0.4498 -0.3687 0.5820 0.5684
1305031802.355076 rgb/1305031802.355076.png 1305031802.350500 0.1300 -0.5326 1.6880 -0.4552 -0.3705 0.5761 0.5689
1305031802.385226 rgb/1305031802.385226.png 1305031802.380500 0.1288 -0.5293 1.6862 -0.4589 -0.3680 0.5721 0.5716
1305031802.421369 rgb/1305031802.421369.png 1305031802.420500 0.1263 -0.5255 1.6827 -0.4647 -0.3666 0.5663 0.5736
1305031802.449744 rgb/1305031802.449744.png 1305031802.450500 0.1243 -0.5232 1.6791 -0.4693 -0.3675 0.5608 0.5746
1305031802.485287 rgb/1305031802.485287.png 1305031802.480600 0.1222 -0.5211 1.6750 -0.4731 -0.3673 0.5566 0.5757
1305031802.521528 rgb/1305031802.521528.png 1305031802.520500 0.1189 -0.5192 1.6678 -0.4808 -0.3708 0.5494 0.5739
1305031802.553670 rgb/1305031802.553670.png 1305031802.550500 0.1158 -0.5184 1.6615 -0.4884 -0.3773 0.5406 0.5717
1305031802.585495 rgb/1305031802.585495.png 1305031802.580500 0.1128 -0.5176 1.6546 -0.4961 -0.3832 0.5313 0.5699
1305031802.621110 rgb/1305031802.621110.png 1305031802.620500 0.1082 -0.5168 1.6435 -0.5136 -0.3940 0.5138 0.5631
1305031802.651419 rgb/1305031802.651419.png 1305031802.650500 0.1037 -0.5164 1.6342 -0.5290 -0.4043 0.4970 0.5565
1305031802.685525 rgb/1305031802.685525.png 1305031802.680500 0.0995 -0.5167 1.6243 -0.5427 -0.4137 0.4828 0.5489
1305031802.721569 rgb/1305031802.721569.png 1305031802.720600 0.0934 -0.5171 1.6110 -0.5589 -0.4276 0.4651 0.5370
1305031802.751107 rgb/1305031802.751107.png 1305031802.750600 0.0882 -0.5174 1.6007 -0.5730 -0.4369 0.4510 0.5268
1305031802.781462 rgb/1305031802.781462.png 1305031802.780600 0.0829 -0.5176 1.5904 -0.5865 -0.4432 0.4381 0.5173
1305031802.821775 rgb/1305031802.821775.png 1305031802.820600 0.0756 -0.5173 1.5775 -0.6035 -0.4462 0.4231 0.5077
1305031802.853834 rgb/1305031802.853834.png 1305031802.850600 0.0711 -0.5171 1.5675 0.6185 0.4475 -0.4105 -0.4988
1305031802.881495 rgb/1305031802.881495.png 1305031802.880600 0.0663 -0.5167 1.5579 0.6293 0.4476 -0.4010 -0.4928
1305031802.921541 rgb/1305031802.921541.png 1305031802.920600 0.0609 -0.5167 1.5455 0.6455 0.4495 -0.3858 -0.4821
1305031802.954816 rgb/1305031802.954816.png 1305031802.950800 0.0573 -0.5164 1.5366 0.6555 0.4484 -0.3752 -0.4779
1305031802.981472 rgb/1305031802.981472.png 1305031802.980700 0.0543 -0.5160 1.5277 0.6670 0.4465 -0.3624 -0.4737
1305031803.021892 rgb/1305031803.021892.png 1305031803.020700 0.0509 -0.5157 1.5161 0.6810 0.4437 -0.3458 -0.4688
1305031803.053848 rgb/1305031803.053848.png 1305031803.050700 0.0487 -0.5153 1.5075 0.6912 0.4401 -0.3351 -0.4650
1305031803.081564 rgb/1305031803.081564.png 1305031803.080700 0.0471 -0.5148 1.4990 0.7021 0.4352 -0.3254 -0.4602
1305031803.122150 rgb/1305031803.122150.png 1305031803.120600 0.0459 -0.5145 1.4874 0.7152 0.4304 -0.3124 -0.4535
1305031803.153726 rgb/1305031803.153726.png 1305031803.150600 0.0451 -0.5142 1.4787 0.7257 0.4266 -0.3023 -0.4473
1305031803.181556 rgb/1305031803.181556.png 1305031803.180700 0.0448 -0.5142 1.4702 0.7354 0.4213 -0.2941 -0.4418
1305031803.222085 rgb/1305031803.222085.png 1305031803.220700 0.0451 -0.5143 1.4589 0.7473 0.4166 -0.2819 -0.4342
1305031803.253820 rgb/1305031803.253820.png 1305031803.250700 0.0457 -0.5146 1.4502 0.7564 0.4132 -0.2720 -0.4279
1305031803.281525 rgb/1305031803.281525.png 1305031803.280700 0.0465 -0.5152 1.4416 0.7649 0.4084 -0.2638 -0.4226
1305031803.317577 rgb/1305031803.317577.png 1305031803.320600 0.0478 -0.5161 1.4301 0.7747 0.4035 -0.2527 -0.4161
1305031803.353814 rgb/1305031803.353814.png 1305031803.350700 0.0489 -0.5171 1.4216 0.7827 0.4004 -0.2439 -0.4093
1305031803.381500 rgb/1305031803.381500.png 1305031803.380600 0.0502 -0.5180 1.4137 0.7907 0.3969 -0.2365 -0.4016
1305031803.421407 rgb/1305031803.421407.png 1305031803.420700 0.0529 -0.5197 1.4041 0.7991 0.3927 -0.2287 -0.3935
1305031803.449877 rgb/1305031803.449877.png 1305031803.450600 0.0552 -0.5203 1.3972 0.8041 0.3895 -0.2221 -0.3904
1305031803.481465 rgb/1305031803.481465.png 1305031803.480700 0.0578 -0.5209 1.3909 0.8101 0.3856 -0.2163 -0.3850
1305031803.517799 rgb/1305031803.517799.png 1305031803.520600 0.0616 -0.5211 1.3831 0.8170 0.3809 -0.2097 -0.3788
1305031803.553155 rgb/1305031803.553155.png 1305031803.550600 0.0648 -0.5211 1.3779 0.8218 0.3776 -0.2062 -0.3737
1305031803.581589 rgb/1305031803.581589.png 1305031803.580600 0.0680 -0.5209 1.3729 0.8263 0.3750 -0.2033 -0.3678
1305031803.617751 rgb/1305031803.617751.png 1305031803.620700 0.0712 -0.5201 1.3666 0.8310 0.3747 -0.1995 -0.3596
1305031803.655171 rgb/1305031803.655171.png 1305031803.650600 0.0734 -0.5192 1.3621 0.8343 0.3752 -0.1950 -0.3537
1305031803.681398 rgb/1305031803.681398.png 1305031803.680700 0.0761 -0.5182 1.3579 0.8389 0.3747 -0.1887 -0.3468
1305031803.721616 rgb/1305031803.721616.png 1305031803.720700 0.0797 -0.5168 1.3523 0.8452 0.3739 -0.1826 -0.3354
1305031803.753975 rgb/1305031803.753975.png 1305031803.750700 0.0824 -0.5160 1.3473 0.8497 0.3757 -0.1793 -0.3236
1305031803.781407 rgb/1305031803.781407.png 1305031803.780600 0.0859 -0.5152 1.3424 0.8536 0.3771 -0.1757 -0.3134
1305031803.822206 rgb/1305031803.822206.png 1305031803.820600 0.0912 -0.5149 1.3351 0.8585 0.3797 -0.1711 -0.2992
1305031803.854255 rgb/1305031803.854255.png 1305031803.850900 0.0956 -0.5148 1.3293 0.8619 0.3832 -0.1665 -0.2874
1305031803.881449 rgb/1305031803.881449.png 1305031803.880600 0.1006 -0.5150 1.3235 0.8649 0.3859 -0.1615 -0.2773
1305031803.922274 rgb/1305031803.922274.png 1305031803.920600 0.1079 -0.5156 1.3156 0.8687 0.3896 -0.1548 -0.2638
1305031803.953868 rgb/1305031803.953868.png 1305031803.950600 0.1134 -0.5162 1.3092 0.8716 0.3924 -0.1505 -0.2523
1305031803.981401 rgb/1305031803.981401.png 1305031803.980700 0.1187 -0.5167 1.3026 0.8745 0.3941 -0.1477 -0.2409
1305031804.021970 rgb/1305031804.021970.png 1305031804.020600 0.1261 -0.5174 1.2936 0.8791 0.3946 -0.1435 -0.2256
1305031804.049573 rgb/1305031804.049573.png 1305031804.050600 0.1315 -0.5179 1.2871 0.8820 0.3952 -0.1405 -0.2150
1305031804.081462 rgb/1305031804.081462.png 1305031804.080600 0.1369 -0.5184 1.2809 0.8842 0.3965 -0.1372 -0.2055
1305031804.121789 rgb/1305031804.121789.png 1305031804.120600 0.1440 -0.5186 1.2738 0.8872 0.3956 -0.1336 -0.1964
1305031804.149358 rgb/1305031804.149358.png 1305031804.150600 0.1492 -0.5186 1.2692 0.8894 0.3950 -0.1311 -0.1891
1305031804.181425 rgb/1305031804.181425.png 1305031804.180600 0.1539 -0.5182 1.2654 0.8911 0.3941 -0.1298 -0.1840
1305031804.221921 rgb/1305031804.221921.png 1305031804.220700 0.1593 -0.5168 1.2623 0.8933 0.3900 -0.1304 -0.1816
1305031804.249373 rgb/1305031804.249373.png 1305031804.250600 0.1628 -0.5151 1.2614 0.8948 0.3858 -0.1310 -0.1825
1305031804.281501 rgb/1305031804.281501.png 1305031804.280700 0.1654 -0.5129 1.2622 0.8955 0.3818 -0.1332 -0.1859
1305031804.321896 rgb/1305031804.321896.png 1305031804.320600 0.1677 -0.5090 1.2658 0.8941 0.3773 -0.1394 -0.1970
1305031804.349404 rgb/1305031804.349404.png 1305031804.350600 0.1689 -0.5058 1.2706 0.8930 0.3727 -0.1442 -0.2068
1305031804.381556 rgb/1305031804.381556.png 1305031804.380600 0.1697 -0.5022 1.2769 0.8911 0.3673 -0.1492 -0.2210
1305031804.420328 rgb/1305031804.420328.png 1305031804.420600 0.1702 -0.4971 1.2876 0.8869 0.3616 -0.1548 -0.2422
1305031804.449409 rgb/1305031804.449409.png 1305031804.450600 0.1703 -0.4933 1.2972 0.8835 0.3572 -0.1580 -0.2585
1305031804.481461 rgb/1305031804.481461.png 1305031804.480600 0.1703 -0.4894 1.3073 0.8796 0.3525 -0.1618 -0.2753
1305031804.520303 rgb/1305031804.520303.png 1305031804.520600 0.1697 -0.4846 1.3219 0.8744 0.3456 -0.1665 -0.2971
1305031804.549408 rgb/1305031804.549408.png 1305031804.550600 0.1692 -0.4812 1.3336 0.8703 0.3403 -0.1699 -0.3131
1305031804.581465 rgb/1305031804.581465.png 1305031804.580700 0.1687 -0.4781 1.3456 0.8660 0.3350 -0.1722 -0.3290
1305031804.620866 rgb/1305031804.620866.png 1305031804.620600 0.1679 -0.4746 1.3616 0.8597 0.3289 -0.1752 -0.3495
1305031804.649383 rgb/1305031804.649383.png 1305031804.650600 0.1669 -0.4724 1.3736 0.8545 0.3241 -0.1769 -0.3655
1305031804.681565 rgb/1305031804.681565.png 1305031804.680600 0.1661 -0.4707 1.3856 0.8491 0.3187 -0.1768 -0.3824
1305031804.721729 rgb/1305031804.721729.png 1305031804.720600 0.1647 -0.4690 1.4016 0.8404 0.3110 -0.1770 -0.4070
1305031804.749416 rgb/1305031804.749416.png 1305031804.750600 0.1633 -0.4682 1.4138 0.8327 0.3057 -0.1767 -0.4266
1305031804.781659 rgb/1305031804.781659.png 1305031804.780700 0.1614 -0.4679 1.4261 0.8241 0.3005 -0.1766 -0.4466
1305031804.821911 rgb/1305031804.821911.png 1305031804.820700 0.1579 -0.4672 1.4428 0.8117 0.2902 -0.1749 -0.4758
1305031804.849385 rgb/1305031804.849385.png 1305031804.850600 0.1552 -0.4671 1.4558 0.8018 0.2824 -0.1737 -0.4972
1305031804.881471 rgb/1305031804.881471.png 1305031804.880600 0.1514 -0.4672 1.4686 -0.7932 -0.2743 0.1723 0.5157
1305031804.921921 rgb/1305031804.921921.png 1305031804.920600 0.1458 -0.4673 1.4854 -0.7830 -0.2645 0.1721 0.5360
1305031804.949441 rgb/1305031804.949441.png 1305031804.950600 0.1411 -0.4673 1.4977 -0.7756 -0.2584 0.1727 0.5494
1305031804.981491 rgb/1305031804.981491.png 1305031804.980600 0.1360 -0.4672 1.5096 -0.7691 -0.2516 0.1737 0.5613
1305031805.021242 rgb/1305031805.021242.png 1305031805.020600 0.1289 -0.4668 1.5251 -0.7598 -0.2377 0.1773 0.5785
1305031805.049231 rgb/1305031805.049231.png 1305031805.050600 0.1237 -0.4670 1.5359 -0.7550 -0.2297 0.1786 0.5876
1305031805.081417 rgb/1305031805.081417.png 1305031805.080600 0.1182 -0.4668 1.5465 -0.7481 -0.2222 0.1811 0.5985
1305031805.120785 rgb/1305031805.120785.png 1305031805.120600 0.1109 -0.4677 1.5591 -0.7394 -0.2119 0.1860 0.6113
1305031805.149367 rgb/1305031805.149367.png 1305031805.150600 0.1056 -0.4684 1.5680 -0.7341 -0.2064 0.1882 0.6189
1305031805.181532 rgb/1305031805.181532.png 1305031805.180600 0.1002 -0.4698 1.5760 -0.7299 -0.2012 0.1895 0.6251
1305031805.217403 rgb/1305031805.217403.png 1305031805.220600 0.0936 -0.4717 1.5856 -0.7237 -0.1937 0.1903 0.6344
1305031805.249372 rgb/1305031805.249372.png 1305031805.250600 0.0889 -0.4734 1.5920 -0.7192 -0.1880 0.1914 0.6409
1305031805.281451 rgb/1305031805.281451.png 1305031805.280600 0.0845 -0.4755 1.5977 -0.7154 -0.1833 0.1917 0.6464
1305031805.317464 rgb/1305031805.317464.png 1305031805.320700 0.0790 -0.4790 1.6048 -0.7061 -0.1756 0.1884 0.6596
1305031805.349450 rgb/1305031805.349450.png 1305031805.350600 0.0757 -0.4820 1.6095 -0.6994 -0.1683 0.1845 0.6697
1305031805.381600 rgb/1305031805.381600.png 1305031805.380600 0.0728 -0.4852 1.6139 -0.6903 -0.1603 0.1824 0.6816
1305031805.417337 rgb/1305031805.417337.png 1305031805.420600 0.0689 -0.4891 1.6197 -0.6774 -0.1520 0.1795 0.6969
1305031805.449399 rgb/1305031805.449399.png 1305031805.450600 0.0666 -0.4922 1.6240 -0.6669 -0.1479 0.1758 0.7089
1305031805.481531 rgb/1305031805.481531.png 1305031805.480700 0.0647 -0.4955 1.6282 -0.6569 -0.1437 0.1707 0.7202
1305031805.517400 rgb/1305031805.517400.png 1305031805.520700 0.0627 -0.4992 1.6339 -0.6389 -0.1366 0.1645 0.7390
1305031805.549419 rgb/1305031805.549419.png 1305031805.550600 0.0613 -0.5013 1.6380 -0.6271 -0.1311 0.1598 0.7511
1305031805.581456 rgb/1305031805.581456.png 1305031805.580700 0.0605 -0.5039 1.6414 -0.6172 -0.1284 0.1567 0.7603
1305031805.617604 rgb/1305031805.617604.png 1305031805.620600 0.0602 -0.5065 1.6455 -0.6072 -0.1249 0.1527 0.7697
1305031805.649369 rgb/1305031805.649369.png 1305031805.650600 0.0601 -0.5073 1.6477 -0.6037 -0.1203 0.1508 0.7735
1305031805.681431 rgb/1305031805.681431.png 1305031805.680700 0.0605 -0.5076 1.6495 -0.6023 -0.1146 0.1504 0.7756
1305031805.717375 rgb/1305031805.717375.png 1305031805.720600 0.0612 -0.5066 1.6500 -0.6077 -0.1102 0.1484 0.7724
1305031805.749402 rgb/1305031805.749402.png 1305031805.750600 0.0620 -0.5050 1.6490 -0.6161 -0.1070 0.1468 0.7664
1305031805.781456 rgb/1305031805.781456.png 1305031805.780600 0.0631 -0.5027 1.6467 -0.6294 -0.1054 0.1462 0.7559
1305031805.817409 rgb/1305031805.817409.png 1305031805.820600 0.0650 -0.4982 1.6411 -0.6573 -0.1050 0.1431 0.7324
1305031805.849383 rgb/1305031805.849383.png 1305031805.850600 0.0669 -0.4944 1.6363 -0.6745 -0.1049 0.1420 0.7169
1305031805.881469 rgb/1305031805.881469.png 1305031805.880600 0.0696 -0.4901 1.6306 -0.6899 -0.1050 0.1420 0.7020
1305031805.917405 rgb/1305031805.917405.png 1305031805.920600 0.0741 -0.4836 1.6225 -0.7087 -0.1033 0.1411 0.6835
1305031805.949380 rgb/1305031805.949380.png 1305031805.950600 0.0782 -0.4785 1.6161 -0.7220 -0.1017 0.1415 0.6695
1305031805.981495 rgb/1305031805.981495.png 1305031805.980600 0.0833 -0.4739 1.6092 -0.7344 -0.1007 0.1400 0.6565
1305031806.017424 rgb/1305031806.017424.png 1305031806.020600 0.0910 -0.4674 1.5996 -0.7495 -0.0980 0.1358 0.6405
1305031806.049372 rgb/1305031806.049372.png 1305031806.050600 0.0969 -0.4629 1.5922 -0.7588 -0.0945 0.1315 0.6309
1305031806.081522 rgb/1305031806.081522.png 1305031806.080600 0.1030 -0.4589 1.5847 -0.7667 -0.0923 0.1262 0.6227
1305031806.117332 rgb/1305031806.117332.png 1305031806.120600 0.1119 -0.4540 1.5741 -0.7789 -0.0899 0.1171 0.6096
1305031806.149389 rgb/1305031806.149389.png 1305031806.150700 0.1180 -0.4505 1.5658 -0.7873 -0.0865 0.1126 0.6000
1305031806.181476 rgb/1305031806.181476.png 1305031806.180600 0.1245 -0.4478 1.5568 -0.7974 -0.0844 0.1084 0.5877
1305031806.217460 rgb/1305031806.217460.png 1305031806.220600 0.1331 -0.4452 1.5439 -0.8124 -0.0835 0.1025 0.5679
1305031806.249441 rgb/1305031806.249441.png 1305031806.250600 0.1392 -0.4435 1.5338 -0.8216 -0.0835 0.0974 0.5554
1305031806.281505 rgb/1305031806.281505.png 1305031806.280600 0.1453 -0.4416 1.5234 -0.8307 -0.0822 0.0918 0.5429
1305031806.317554 rgb/1305031806.317554.png 1305031806.320600 0.1535 -0.4391 1.5091 -0.8418 -0.0769 0.0872 0.5271
1305031806.349431 rgb/1305031806.349431.png 1305031806.350600 0.1596 -0.4376 1.4982 -0.8501 -0.0752 0.0849 0.5143
1305031806.381481 rgb/1305031806.381481.png 1305031806.380600 0.1655 -0.4368 1.4869 0.8593 0.0733 -0.0833 -0.4993
1305031806.417443 rgb/1305031806.417443.png 1305031806.420600 0.1733 -0.4364 1.4719 0.8696 0.0691 -0.0822 -0.4819
1305031806.449379 rgb/1305031806.449379.png 1305031806.450600 0.1787 -0.4366 1.4610 0.8744 0.0668 -0.0807 -0.4738
1305031806.481355 rgb/1305031806.481355.png 1305031806.480600 0.1847 -0.4373 1.4497 0.8800 0.0655 -0.0750 -0.4644
1305031806.517514 rgb/1305031806.517514.png 1305031806.520600 0.1927 -0.4382 1.4351 0.8871 0.0600 -0.0679 -0.4526
1305031806.549401 rgb/1305031806.549401.png 1305031806.550600 0.1987 -0.4392 1.4243 0.8934 0.0562 -0.0656 -0.4410
1305031806.581728 rgb/1305031806.581728.png 1305031806.580600 0.2046 -0.4401 1.4139 0.9003 0.0550 -0.0624 -0.4273
1305031806.617478 rgb/1305031806.617478.png 1305031806.620600 0.2122 -0.4408 1.4009 0.9080 0.0510 -0.0587 -0.4117
1305031806.649416 rgb/1305031806.649416.png 1305031806.650700 0.2179 -0.4415 1.3921 0.9145 0.0453 -0.0565 -0.3982
1305031806.681381 rgb/1305031806.681381.png 1305031806.680600 0.2230 -0.4421 1.3839 0.9201 0.0398 -0.0563 -0.3856
1305031806.717432 rgb/1305031806.717432.png 1305031806.720600 0.2288 -0.4434 1.3739 0.9271 0.0331 -0.0589 -0.3687
1305031806.749457 rgb/1305031806.749457.png 1305031806.750600 0.2322 -0.4445 1.3666 0.9315 0.0282 -0.0620 -0.3573
1305031806.781564 rgb/1305031806.781564.png 1305031806.780600 0.2353 -0.4456 1.3594 0.9350 0.0245 -0.0643 -0.3480
1305031806.817410 rgb/1305031806.817410.png 1305031806.820600 0.2387 -0.4477 1.3500 0.9401 0.0191 -0.0624 -0.3347
1305031806.849447 rgb/1305031806.849447.png 1305031806.850600 0.2407 -0.4492 1.3427 0.9439 0.0157 -0.0600 -0.3244
1305031806.881395 rgb/1305031806.881395.png 1305031806.880600 0.2424 -0.4508 1.3359 0.9474 0.0124 -0.0585 -0.3145
1305031806.917809 rgb/1305031806.917809.png 1305031806.920600 0.2443 -0.4531 1.3269 0.9516 0.0055 -0.0581 -0.3018
1305031806.949486 rgb/1305031806.949486.png 1305031806.950600 0.2452 -0.4549 1.3207 0.9545 0.0009 -0.0587 -0.2923
1305031806.981465 rgb/1305031806.981465.png 1305031806.980600 0.2458 -0.4568 1.3152 0.9573 -0.0033 -0.0583 -0.2832
1305031807.017431 rgb/1305031807.017431.png 1305031807.020600 0.2461 -0.4590 1.3085 0.9598 -0.0099 -0.0564 -0.2746
1305031807.049424 rgb/1305031807.049424.png 1305031807.050600 0.2457 -0.4605 1.3044 0.9617 -0.0154 -0.0548 -0.2680
1305031807.081512 rgb/1305031807.081512.png 1305031807.080600 0.2451 -0.4615 1.3010 0.9634 -0.0200 -0.0532 -0.2619
1305031807.117436 rgb/1305031807.117436.png 1305031807.120600 0.2432 -0.4620 1.2976 0.9645 -0.0283 -0.0504 -0.2577
1305031807.149381 rgb/1305031807.149381.png 1305031807.150600 0.2423 -0.4620 1.2962 0.9653 -0.0345 -0.0478 -0.2545
1305031807.181430 rgb/1305031807.181430.png 1305031807.180600 0.2405 -0.4610 1.2952 0.9650 -0.0420 -0.0455 -0.2549
1305031807.217449 rgb/1305031807.217449.png 1305031807.220600 0.2377 -0.4588 1.2947 0.9643 -0.0514 -0.0415 -0.2565
1305031807.249425 rgb/1305031807.249425.png 1305031807.250600 0.2358 -0.4566 1.2960 0.9642 -0.0586 -0.0368 -0.2561
1305031807.281519 rgb/1305031807.281519.png 1305031807.280600 0.2339 -0.4537 1.2982 0.9627 -0.0681 -0.0317 -0.2598
1305031807.317449 rgb/1305031807.317449.png 1305031807.320600 0.2316 -0.4492 1.3031 0.9594 -0.0811 -0.0258 -0.2689
1305031807.349398 rgb/1305031807.349398.png 1305031807.350600 0.2298 -0.4453 1.3081 0.9558 -0.0901 -0.0213 -0.2791
1305031807.381439 rgb/1305031807.381439.png 1305031807.380600 0.2280 -0.4415 1.3138 0.9525 -0.0982 -0.0163 -0.2878
1305031807.417438 rgb/1305031807.417438.png 1305031807.420700 0.2263 -0.4361 1.3227 0.9463 -0.1097 -0.0068 -0.3039
1305031807.449510 rgb/1305031807.449510.png 1305031807.450500 0.2249 -0.4320 1.3301 0.9385 -0.1188 0.0022 -0.3240
1305031807.481516 rgb/1305031807.481516.png 1305031807.480600 0.2239 -0.4280 1.3378 0.9292 -0.1264 0.0132 -0.3471
1305031807.517475 rgb/1305031807.517475.png 1305031807.520600 0.2221 -0.4229 1.3473 0.9172 -0.1344 0.0277 -0.3742
1305031807.549397 rgb/1305031807.549397.png 1305031807.550600 0.2209 -0.4192 1.3543 0.9094 -0.1402 0.0382 -0.3898
1305031807.581447 rgb/1305031807.581447.png 1305031807.580600 0.2195 -0.4158 1.3620 0.9005 -0.1482 0.0486 -0.4059
1305031807.617576 rgb/1305031807.617576.png 1305031807.620500 0.2171 -0.4116 1.3721 0.8893 -0.1565 0.0617 -0.4254
1305031807.649399 rgb/1305031807.649399.png 1305031807.650600 0.2151 -0.4088 1.3799 0.8816 -0.1604 0.0699 -0.4384
1305031807.681493 rgb/1305031807.681493.png 1305031807.680600 0.2131 -0.4063 1.3888 0.8727 -0.1649 0.0775 -0.4530
1305031807.717426 rgb/1305031807.717426.png 1305031807.720600 0.2106 -0.4037 1.4013 0.8595 -0.1712 0.0874 -0.4735
1305031807.749401 rgb/1305031807.749401.png 1305031807.750600 0.2088 -0.4021 1.4111 0.8503 -0.1756 0.0952 -0.4869
1305031807.781497 rgb/1305031807.781497.png 1305031807.780600 0.2068 -0.4011 1.4212 -0.8407 0.1798 -0.1004 0.5009
1305031807.817444 rgb/1305031807.817444.png 1305031807.820600 0.2043 -0.4001 1.4350 -0.8282 0.1836 -0.1050 0.5190
1305031807.849449 rgb/1305031807.849449.png 1305031807.850600 0.2027 -0.3996 1.4451 -0.8203 0.1848 -0.1098 0.5300
1305031807.881470 rgb/1305031807.881470.png 1305031807.880600 0.2014 -0.3993 1.4552 -0.8120 0.1870 -0.1149 0.5408
1305031807.917395 rgb/1305031807.917395.png 1305031807.920600 0.2003 -0.3994 1.4689 -0.8006 0.1884 -0.1207 0.5558
1305031807.949413 rgb/1305031807.949413.png 1305031807.950500 0.1997 -0.4000 1.4792 -0.7924 0.1894 -0.1240 0.5664
1305031807.981324 rgb/1305031807.981324.png 1305031807.980600 0.1994 -0.4007 1.4895 -0.7834 0.1901 -0.1263 0.5781
1305031808.017397 rgb/1305031808.017397.png 1305031808.020600 0.1995 -0.4025 1.5034 -0.7719 0.1928 -0.1277 0.5921
1305031808.049392 rgb/1305031808.049392.png 1305031808.050800 0.1998 -0.4040 1.5141 -0.7625 0.1937 -0.1286 0.6038
1305031808.081430 rgb/1305031808.081430.png 1305031808.080600 0.1999 -0.4061 1.5248 -0.7531 0.1932 -0.1297 0.6154
1305031808.117668 rgb/1305031808.117668.png 1305031808.120600 0.1999 -0.4093 1.5392 -0.7400 0.1919 -0.1322 0.6309
1305031808.149433 rgb/1305031808.149433.png 1305031808.150600 0.1999 -0.4121 1.5500 -0.7305 0.1908 -0.1342 0.6418
1305031808.181601 rgb/1305031808.181601.png 1305031808.180600 0.1999 -0.4154 1.5611 -0.7193 0.1887 -0.1369 0.6544
1305031808.217427 rgb/1305031808.217427.png 1305031808.220600 0.2000 -0.4204 1.5755 -0.7072 0.1849 -0.1387 0.6682
1305031808.249410 rgb/1305031808.249410.png 1305031808.250600 0.2006 -0.4237 1.5865 -0.6977 0.1817 -0.1386 0.6789
1305031808.281466 rgb/1305031808.281466.png 1305031808.280500 0.2009 -0.4277 1.5969 -0.6916 0.1790 -0.1388 0.6858
1305031808.317395 rgb/1305031808.317395.png 1305031808.320600 0.2018 -0.4332 1.6103 -0.6783 0.1761 -0.1413 0.6993
1305031808.349431 rgb/1305031808.349431.png 1305031808.350500 0.2025 -0.4376 1.6198 -0.6685 0.1746 -0.1426 0.7087
1305031808.381824 rgb/1305031808.381824.png 1305031808.380500 0.2033 -0.4420 1.6286 -0.6603 0.1720 -0.1440 0.7168
1305031808.417419 rgb/1305031808.417419.png 1305031808.420600 0.2044 -0.4479 1.6392 -0.6503 0.1684 -0.1465 0.7261
1305031808.449356 rgb/1305031808.449356.png 1305031808.450600 0.2056 -0.4526 1.6464 -0.6420 0.1683 -0.1487 0.7331
1305031808.481442 rgb/1305031808.481442.png 1305031808.480600 0.2069 -0.4580 1.6532 -0.6316 0.1684 -0.1517 0.7414
1305031808.517409 rgb/1305031808.517409.png 1305031808.520600 0.2087 -0.4660 1.6611 -0.6193 0.1681 -0.1531 0.7515
1305031808.549430 rgb/1305031808.549430.png 1305031808.550600 0.2104 -0.4728 1.6663 -0.6130 0.1673 -0.1529 0.7568
1305031808.581470 rgb/1305031808.581470.png 1305031808.580500 0.2129 -0.4795 1.6709 -0.6045 0.1676 -0.1552 0.7632
1305031808.617470 rgb/1305031808.617470.png 1305031808.620600 0.2166 -0.4884 1.6760 -0.5918 0.1726 -0.1610 0.7707
1305031808.649371 rgb/1305031808.649371.png 1305031808.650600 0.2198 -0.4947 1.6794 -0.5829 0.1768 -0.1683 0.7750
1305031808.681415 rgb/1305031808.681415.png 1305031808.680600 0.2231 -0.5002 1.6820 -0.5757 0.1790 -0.1749 0.7784
1305031808.717501 rgb/1305031808.717501.png 1305031808.720600 0.2274 -0.5067 1.6844 -0.5668 0.1805 -0.1831 0.7827
1305031808.749404 rgb/1305031808.749404.png 1305031808.750600 0.2302 -0.5112 1.6851 -0.5613 0.1839 -0.1912 0.7839
1305031808.781467 rgb/1305031808.781467.png 1305031808.780600 0.2337 -0.5153 1.6856 -0.5538 0.1870 -0.2015 0.7860
1305031808.817546 rgb/1305031808.817546.png 1305031808.820600 0.2386 -0.5194 1.6852 -0.5436 0.1951 -0.2134 0.7880
1305031808.849389 rgb/1305031808.849389.png 1305031808.850600 0.2417 -0.5224 1.6836 -0.5438 0.2020 -0.2215 0.7838
1305031808.881454 rgb/1305031808.881454.png 1305031808.880600 0.2451 -0.5248 1.6814 -0.5452 0.2083 -0.2284 0.7793
1305031808.917405 rgb/1305031808.917405.png 1305031808.920600 0.2496 -0.5267 1.6771 -0.5511 0.2172 -0.2354 0.7705
1305031808.949458 rgb/1305031808.949458.png 1305031808.950600 0.2530 -0.5277 1.6725 -0.5622 0.2241 -0.2389 0.7594
1305031808.981550 rgb/1305031808.981550.png 1305031808.980600 0.2570 -0.5276 1.6671 -0.5729 0.2314 -0.2410 0.7484
1305031809.017420 rgb/1305031809.017420.png 1305031809.020600 0.2611 -0.5275 1.6587 -0.5878 0.2427 -0.2418 0.7329
1305031809.049495 rgb/1305031809.049495.png 1305031809.050600 0.2643 -0.5267 1.6514 -0.5974 0.2496 -0.2430 0.7223
1305031809.081521 rgb/1305031809.081521.png 1305031809.080600 0.2670 -0.5255 1.6439 -0.6067 0.2566 -0.2450 0.7113
1305031809.117517 rgb/1305031809.117517.png 1305031809.120600 0.2702 -0.5237 1.6331 -0.6168 0.2675 -0.2511 0.6964
1305031809.149422 rgb/1305031809.149422.png 1305031809.150600 0.2719 -0.5222 1.6247 -0.6240 0.2771 -0.2549 0.6847
1305031809.181454 rgb/1305031809.181454.png 1305031809.180600 0.2735 -0.5207 1.6158 -0.6305 0.2873 -0.2566 0.6739
1305031809.217451 rgb/1305031809.217451.png 1305031809.220600 0.2747 -0.5180 1.6038 -0.6385 0.2994 -0.2565 0.6610
1305031809.249425 rgb/1305031809.249425.png 1305031809.250500 0.2747 -0.5161 1.5947 -0.6478 0.3101 -0.2550 0.6474
1305031809.281664 rgb/1305031809.281664.png 1305031809.280600 0.2748 -0.5132 1.5858 -0.6551 0.3206 -0.2536 0.6355
1305031809.317409 rgb/1305031809.317409.png 1305031809.320600 0.2734 -0.5097 1.5742 -0.6641 0.3318 -0.2515 0.6210
1305031809.349286 rgb/1305031809.349286.png 1305031809.350500 0.2715 -0.5072 1.5658 -0.6719 0.3397 -0.2498 0.6089
1305031809.381405 rgb/1305031809.381405.png 1305031809.380500 0.2695 -0.5039 1.5575 -0.6782 0.3459 -0.2486 0.5989
1305031809.417304 rgb/1305031809.417304.png 1305031809.420600 0.2661 -0.4995 1.5471 -0.6882 0.3527 -0.2455 0.5846
1305031809.449429 rgb/1305031809.449429.png 1305031809.450500 0.2630 -0.4965 1.5399 -0.6948 0.3579 -0.2427 0.5746
1305031809.481493 rgb/1305031809.481493.png 1305031809.480500 0.2597 -0.4938 1.5331 -0.6991 0.3636 -0.2399 0.5671
1305031809.517383 rgb/1305031809.517383.png 1305031809.520600 0.2546 -0.4899 1.5246 -0.7042 0.3700 -0.2353 0.5584
1305031809.549381 rgb/1305031809.549381.png 1305031809.550600 0.2504 -0.4872 1.5183 -0.7100 0.3731 -0.2333 0.5498
1305031809.581443 rgb/1305031809.581443.png 1305031809.580600 0.2464 -0.4847 1.5121 -0.7146 0.3754 -0.2330 0.5423
1305031809.617447 rgb/1305031809.617447.png 1305031809.620500 0.2407 -0.4813 1.5041 -0.7189 0.3790 -0.2338 0.5337
1305031809.649447 rgb/1305031809.649447.png 1305031809.650600 0.2367 -0.4794 1.4981 -0.7227 0.3816 -0.2340 0.5266
1305031809.681564 rgb/1305031809.681564.png 1305031809.680600 0.2327 -0.4775 1.4918 -0.7284 0.3861 -0.2314 0.5165
1305031809.717482 rgb/1305031809.717482.png 1305031809.720800 0.2277 -0.4757 1.4834 -0.7337 0.3917 -0.2284 0.5061
1305031809.749405 rgb/1305031809.749405.png 1305031809.750500 0.2251 -0.4740 1.4771 -0.7366 0.3951 -0.2261 0.5002
1305031809.781560 rgb/1305031809.781560.png 1305031809.780600 0.2219 -0.4731 1.4706 0.7408 -0.4001 0.2224 -0.4916
1305031809.817472 rgb/1305031809.817472.png 1305031809.820600 0.2185 -0.4719 1.4620 0.7447 -0.4072 0.2186 -0.4815
1305031809.849358 rgb/1305031809.849358.png 1305031809.850600 0.2161 -0.4716 1.4556 0.7482 -0.4118 0.2164 -0.4730
1305031809.881617 rgb/1305031809.881617.png 1305031809.880600 0.2139 -0.4714 1.4491 0.7516 -0.4165 0.2152 -0.4641
1305031809.917383 rgb/1305031809.917383.png 1305031809.920600 0.2112 -0.4723 1.4407 0.7555 -0.4240 0.2136 -0.4514
1305031809.949442 rgb/1305031809.949442.png 1305031809.950600 0.2093 -0.4730 1.4343 0.7583 -0.4290 0.2119 -0.4429
1305031809.981453 rgb/1305031809.981453.png 1305031809.980600 0.2075 -0.4744 1.4281 0.7613 -0.4344 0.2096 -0.4333
1305031810.017406 rgb/1305031810.017406.png 1305031810.020600 0.2052 -0.4766 1.4198 0.7660 -0.4422 0.2050 -0.4191
1305031810.049474 rgb/1305031810.049474.png 1305031810.050500 0.2042 -0.4790 1.4145 0.7679 -0.4477 0.2028 -0.4108
1305031810.081517 rgb/1305031810.081517.png 1305031810.080600 0.2029 -0.4817 1.4091 0.7690 -0.4529 0.2010 -0.4038
1305031810.117406 rgb/1305031810.117406.png 1305031810.120600 0.2011 -0.4855 1.4023 0.7715 -0.4579 0.1982 -0.3948
1305031810.149419 rgb/1305031810.149419.png 1305031810.150500 0.1999 -0.4888 1.3974 0.7743 -0.4607 0.1980 -0.3860
1305031810.181557 rgb/1305031810.181557.png 1305031810.180500 0.1986 -0.4925 1.3932 0.7763 -0.4643 0.1978 -0.3778
1305031810.217391 rgb/1305031810.217391.png 1305031810.220600 0.1970 -0.4979 1.3881 0.7787 -0.4686 0.1969 -0.3678
1305031810.249478 rgb/1305031810.249478.png 1305031810.250500 0.1957 -0.5023 1.3844 0.7823 -0.4712 0.1946 -0.3579
1305031810.281498 rgb/1305031810.281498.png 1305031810.280700 0.1946 -0.5071 1.3805 0.7865 -0.4736 0.1908 -0.3475
1305031810.317488 rgb/1305031810.317488.png 1305031810.320600 0.1939 -0.5147 1.3757 0.7902 -0.4756 0.1890 -0.3371
1305031810.349482 rgb/1305031810.349482.png 1305031810.350600 0.1935 -0.5203 1.3725 0.7913 -0.4799 0.1859 -0.3299
1305031810.381463 rgb/1305031810.381463.png 1305031810.380600 0.1934 -0.5265 1.3694 0.7925 -0.4848 0.1818 -0.3223
1305031810.417445 rgb/1305031810.417445.png 1305031810.420500 0.1932 -0.5348 1.3651 0.7952 -0.4897 0.1747 -0.3119
1305031810.449427 rgb/1305031810.449427.png 1305031810.450500 0.1933 -0.5409 1.3615 0.7975 -0.4928 0.1692 -0.3040
1305031810.481449 rgb/1305031810.481449.png 1305031810.480600 0.1930 -0.5472 1.3582 0.8000 -0.4974 0.1634 -0.2930
1305031810.517384 rgb/1305031810.517384.png 1305031810.520600 0.1924 -0.5560 1.3544 0.8009 -0.5039 0.1595 -0.2814
1305031810.549512 rgb/1305031810.549512.png 1305031810.550600 0.1921 -0.5625 1.3515 0.8017 -0.5084 0.1572 -0.2721
1305031810.585416 rgb/1305031810.585416.png 1305031810.580600 0.1920 -0.5689 1.3484 0.8016 -0.5134 0.1553 -0.2641
1305031810.617391 rgb/1305031810.617391.png 1305031810.620500 0.1921 -0.5771 1.3447 0.7993 -0.5211 0.1530 -0.2571
1305031810.649392 rgb/1305031810.649392.png 1305031810.650600 0.1925 -0.5834 1.3426 0.7968 -0.5272 0.1520 -0.2531
1305031810.685423 rgb/1305031810.685423.png 1305031810.680500 0.1931 -0.5893 1.3412 0.7925 -0.5338 0.1528 -0.2524
1305031810.717449 rgb/1305031810.717449.png 1305031810.720600 0.1946 -0.5973 1.3407 0.7849 -0.5417 0.1584 -0.2557
1305031810.749419 rgb/1305031810.749419.png 1305031810.750600 0.1957 -0.6031 1.3415 0.7785 -0.5470 0.1652 -0.2595
1305031810.785316 rgb/1305031810.785316.png 1305031810.780600 0.1970 -0.6085 1.3429 0.7725 -0.5509 0.1722 -0.2647
1305031810.817385 rgb/1305031810.817385.png 1305031810.820500 0.1986 -0.6154 1.3463 0.7638 -0.5553 0.1845 -0.2723
1305031810.849415 rgb/1305031810.849415.png 1305031810.850500 0.2001 -0.6204 1.3498 0.7556 -0.5583 0.1971 -0.2800
1305031810.885396 rgb/1305031810.885396.png 1305031810.880600 0.2017 -0.6252 1.3536 0.7481 -0.5604 0.2094 -0.2872
1305031810.917724 rgb/1305031810.917724.png 1305031810.920600 0.2038 -0.6310 1.3591 0.7386 -0.5619 0.2247 -0.2969
1305031810.949471 rgb/1305031810.949471.png 1305031810.950500 0.2056 -0.6350 1.3642 0.7286 -0.5632 0.2386 -0.3083
1305031810.985423 rgb/1305031810.985423.png 1305031810.980500 0.2069 -0.6390 1.3699 0.7180 -0.5658 0.2513 -0.3182
1305031811.017436 rgb/1305031811.017436.png 1305031811.020600 0.2084 -0.6437 1.3773 0.7075 -0.5687 0.2636 -0.3264
1305031811.049445 rgb/1305031811.049445.png 1305031811.050500 0.2094 -0.6468 1.3830 0.6991 -0.5692 0.2731 -0.3356
1305031811.085404 rgb/1305031811.085404.png 1305031811.080600 0.2099 -0.6498 1.3896 0.6896 -0.5699 0.2834 -0.3455
1305031811.117449 rgb/1305031811.117449.png 1305031811.120600 0.2106 -0.6533 1.3978 0.6788 -0.5728 0.2943 -0.3528
1305031811.149652 rgb/1305031811.149652.png 1305031811.150500 0.2112 -0.6552 1.4035 0.6729 -0.5730 0.3025 -0.3569
1305031811.185423 rgb/1305031811.185423.png 1305031811.181000 0.2121 -0.6566 1.4094 0.6654 -0.5712 0.3130 -0.3646
1305031811.217448 rgb/1305031811.217448.png 1305031811.220600 0.2125 -0.6585 1.4175 0.6560 -0.5715 0.3249 -0.3709
1305031811.249459 rgb/1305031811.249459.png 1305031811.250500 0.2125 -0.6596 1.4234 0.6488 -0.5728 0.3343 -0.3730
1305031811.285401 rgb/1305031811.285401.png 1305031811.280600 0.2127 -0.6603 1.4296 0.6405 -0.5729 0.3452 -0.3773
1305031811.317471 rgb/1305031811.317471.png 1305031811.320500 0.2126 -0.6615 1.4385 0.6264 -0.5720 0.3621 -0.3864
1305031811.349438 rgb/1305031811.349438.png 1305031811.350600 0.2118 -0.6620 1.4455 0.6151 -0.5722 0.3741 -0.3928
1305031811.385421 rgb/1305031811.385421.png 1305031811.380600 0.2106 -0.6619 1.4528 0.6046 -0.5707 0.3853 -0.4005
1305031811.417400 rgb/1305031811.417400.png 1305031811.420500 0.2084 -0.6612 1.4631 0.5903 -0.5665 0.4014 -0.4117
1305031811.449532 rgb/1305031811.449532.png 1305031811.450500 0.2064 -0.6600 1.4709 0.5794 -0.5636 0.4135 -0.4192
1305031811.485413 rgb/1305031811.485413.png 1305031811.480500 0.2043 -0.6581 1.4788 0.5692 -0.5607 0.4253 -0.4252
1305031811.517423 rgb/1305031811.517423.png 1305031811.520600 0.2011 -0.6547 1.4894 -0.5574 0.5582 -0.4397 0.4294
1305031811.549533 rgb/1305031811.549533.png 1305031811.550500 0.1987 -0.6512 1.4975 -0.5490 0.5553 -0.4508 0.4324
1305031811.585347 rgb/1305031811.585347.png 1305031811.580500 0.1963 -0.6472 1.5060 -0.5399 0.5527 -0.4612 0.4364
1305031811.617439 rgb/1305031811.617439.png 1305031811.620600 0.1928 -0.6415 1.5174 -0.5249 0.5495 -0.4752 0.4435
1305031811.649459 rgb/1305031811.649459.png 1305031811.650500 0.1900 -0.6366 1.5260 -0.5138 0.5455 -0.4850 0.4509
1305031811.685432 rgb/1305031811.685432.png 1305031811.680500 0.1875 -0.6312 1.5341 -0.5042 0.5416 -0.4932 0.4573
1305031811.717529 rgb/1305031811.717529.png 1305031811.720600 0.1837 -0.6239 1.5452 -0.4925 0.5364 -0.5028 0.4658
1305031811.749420 rgb/1305031811.749420.png 1305031811.750600 0.1809 -0.6186 1.5534 -0.4838 0.5328 -0.5098 0.4714
1305031811.785416 rgb/1305031811.785416.png 1305031811.780600 0.1777 -0.6131 1.5612 -0.4760 0.5304 -0.5153 0.4760
1305031811.817440 rgb/1305031811.817440.png 1305031811.820600 0.1729 -0.6059 1.5714 -0.4650 0.5270 -0.5232 0.4820
1305031811.849504 rgb/1305031811.849504.png 1305031811.850500 0.1691 -0.6008 1.5792 0.4577 -0.5238 0.5283 -0.4869
1305031811.885446 rgb/1305031811.885446.png 1305031811.880600 0.1653 -0.5958 1.5868 0.4512 -0.5201 0.5332 -0.4916
1305031811.917451 rgb/1305031811.917451.png 1305031811.920600 0.1601 -0.5897 1.5971 0.4428 -0.5147 0.5405 -0.4969
1305031811.949446 rgb/1305031811.949446.png 1305031811.950600 0.1564 -0.5852 1.6049 -0.4349 0.5100 -0.5464 0.5022
1305031811.985433 rgb/1305031811.985433.png 1305031811.980500 0.1522 -0.5811 1.6127 -0.4264 0.5066 -0.5525 0.5063
1305031812.017466 rgb/1305031812.017466.png 1305031812.020600 0.1471 -0.5760 1.6230 -0.4170 0.5017 -0.5591 0.5117
1305031812.049451 rgb/1305031812.049451.png 1305031812.050600 0.1439 -0.5723 1.6308 -0.4093 0.4968 -0.5652 0.5160
1305031812.085454 rgb/1305031812.085454.png 1305031812.080500 0.1407 -0.5689 1.6383 -0.4019 0.4923 -0.5709 0.5199
1305031812.117430 rgb/1305031812.117430.png 1305031812.120600 0.1358 -0.5644 1.6474 -0.3918 0.4876 -0.5788 0.5233
1305031812.149444 rgb/1305031812.149444.png 1305031812.150500 0.1320 -0.5613 1.6538 -0.3831 0.4838 -0.5864 0.5248
1305031812.185398 rgb/1305031812.185398.png 1305031812.181500 0.1284 -0.5582 1.6593 -0.3767 0.4796 -0.5930 0.5257
1305031812.217575 rgb/1305031812.217575.png 1305031812.220500 0.1235 -0.5548 1.6657 -0.3672 0.4754 -0.6004 0.5279
1305031812.249442 rgb/1305031812.249442.png 1305031812.250500 0.1203 -0.5526 1.6694 -0.3589 0.4739 -0.6043 0.5305
1305031812.285269 rgb/1305031812.285269.png 1305031812.280600 0.1181 -0.5507 1.6723 -0.3530 0.4734 -0.6065 0.5323
1305031812.317439 rgb/1305031812.317439.png 1305031812.320600 0.1151 -0.5485 1.6744 -0.3464 0.4717 -0.6105 0.5337
1305031812.349628 rgb/1305031812.349628.png 1305031812.350500 0.1131 -0.5474 1.6751 -0.3406 0.4707 -0.6155 0.5325
1305031812.385430 rgb/1305031812.385430.png 1305031812.380500 0.1108 -0.5472 1.6754 -0.3316 0.4686 -0.6233 0.5310
1305031812.417396 rgb/1305031812.417396.png 1305031812.420600 0.1079 -0.5475 1.6752 -0.3209 0.4660 -0.6325 0.5290
1305031812.449401 rgb/1305031812.449401.png 1305031812.450500 0.1061 -0.5485 1.6739 -0.3185 0.4669 -0.6370 0.5242
1305031812.485444 rgb/1305031812.485444.png 1305031812.480800 0.1049 -0.5506 1.6721 -0.3183 0.4696 -0.6402 0.5180
1305031812.517424 rgb/1305031812.517424.png 1305031812.520800 0.1025 -0.5543 1.6683 -0.3228 0.4765 -0.6409 0.5080
1305031812.549479 rgb/1305031812.549479.png 1305031812.550500 0.1008 -0.5583 1.6649 -0.3247 0.4823 -0.6416 0.5003
1305031812.585434 rgb/1305031812.585434.png 1305031812.580700 0.0995 -0.5630 1.6607 0.3290 -0.4909 0.6405 -0.4904
1305031812.617435 rgb/1305031812.617435.png 1305031812.620500 0.0979 -0.5704 1.6544 0.3360 -0.5001 0.6390 -0.4781
1305031812.649447 rgb/1305031812.649447.png 1305031812.651100 0.0966 -0.5765 1.6491 0.3397 -0.5086 0.6368 -0.4696
1305031812.685438 rgb/1305031812.685438.png 1305031812.680500 0.0959 -0.5836 1.6432 0.3436 -0.5196 0.6330 -0.4597
1305031812.717447 rgb/1305031812.717447.png 1305031812.720500 0.0949 -0.5927 1.6349 0.3499 -0.5344 0.6256 -0.4479
1305031812.749493 rgb/1305031812.749493.png 1305031812.750600 0.0945 -0.5998 1.6286 0.3552 -0.5440 0.6205 -0.4392
1305031812.785436 rgb/1305031812.785436.png 1305031812.780500 0.0944 -0.6073 1.6219 0.3614 -0.5543 0.6145 -0.4296
1305031812.817595 rgb/1305031812.817595.png 1305031812.820500 0.0941 -0.6171 1.6126 0.3685 -0.5698 0.6037 -0.4184
1305031812.849411 rgb/1305031812.849411.png 1305031812.850600 0.0937 -0.6245 1.6055 0.3731 -0.5806 0.5955 -0.4112
1305031812.885427 rgb/1305031812.885427.png 1305031812.880500 0.0934 -0.6318 1.5982 -0.3772 0.5906 -0.5881 0.4039
1305031812.917509 rgb/1305031812.917509.png 1305031812.920500 0.0932 -0.6412 1.5882 -0.3824 0.6046 -0.5778 0.3929
1305031812.949555 rgb/1305031812.949555.png 1305031812.951200 0.0933 -0.6480 1.5806 -0.3858 0.6150 -0.5701 0.3847
1305031812.985457 rgb/1305031812.985457.png 1305031812.980500 0.0931 -0.6545 1.5728 -0.3904 0.6270 -0.5595 0.3760
1305031813.017436 rgb/1305031813.017436.png 1305031813.020500 0.0931 -0.6625 1.5624 -0.3966 0.6402 -0.5470 0.3657
1305031813.049489 rgb/1305031813.049489.png 1305031813.050700 0.0932 -0.6682 1.5545 -0.4010 0.6502 -0.5364 0.3587
1305031813.085316 rgb/1305031813.085316.png 1305031813.080500 0.0932 -0.6736 1.5461 -0.4047 0.6616 -0.5238 0.3523
1305031813.117438 rgb/1305031813.117438.png 1305031813.120500 0.0929 -0.6794 1.5350 -0.4105 0.6765 -0.5057 0.3436
1305031813.149429 rgb/1305031813.149429.png 1305031813.150600 0.0928 -0.6832 1.5263 -0.4157 0.6854 -0.4930 0.3383
1305031813.185427 rgb/1305031813.185427.png 1305031813.180500 0.0926 -0.6863 1.5175 -0.4213 0.6953 -0.4785 0.3317
1305031813.217526 rgb/1305031813.217526.png 1305031813.220500 0.0925 -0.6899 1.5057 -0.4269 0.7050 -0.4629 0.3263
1305031813.249435 rgb/1305031813.249435.png 1305031813.250600 0.0927 -0.6920 1.4969 -0.4305 0.7118 -0.4511 0.3234
1305031813.285403 rgb/1305031813.285403.png 1305031813.280500 0.0927 -0.6932 1.4882 -0.4345 0.7186 -0.4395 0.3189
1305031813.317420 rgb/1305031813.317420.png 1305031813.320500 0.0922 -0.6948 1.4769 -0.4398 0.7276 -0.4251 0.3105
1305031813.349429 rgb/1305031813.349429.png 1305031813.351000 0.0915 -0.6960 1.4685 -0.4416 0.7353 -0.4149 0.3034
1305031813.385390 rgb/1305031813.385390.png 1305031813.381200 0.0905 -0.6968 1.4603 -0.4431 0.7428 -0.4053 0.2960
1305031813.417434 rgb/1305031813.417434.png 1305031813.420500 0.0884 -0.6979 1.4499 -0.4452 0.7528 -0.3922 0.2851
1305031813.449445 rgb/1305031813.449445.png 1305031813.450500 0.0868 -0.6981 1.4418 -0.4477 0.7608 -0.3795 0.2768
1305031813.485393 rgb/1305031813.485393.png 1305031813.480500 0.0846 -0.6979 1.4337 -0.4492 0.7686 -0.3672 0.2695
1305031813.517402 rgb/1305031813.517402.png 1305031813.520500 0.0812 -0.6973 1.4236 -0.4525 0.7769 -0.3528 0.2591
1305031813.549456 rgb/1305031813.549456.png 1305031813.551100 0.0787 -0.6964 1.4157 -0.4548 0.7832 -0.3428 0.2495
1305031813.585413 rgb/1305031813.585413.png 1305031813.580500 0.0763 -0.6949 1.4081 -0.4570 0.7883 -0.3343 0.2407
1305031813.617514 rgb/1305031813.617514.png 1305031813.620500 0.0729 -0.6921 1.3988 -0.4590 0.7945 -0.3244 0.2301
1305031813.649317 rgb/1305031813.649317.png 1305031813.650500 0.0701 -0.6893 1.3923 -0.4603 0.7991 -0.3173 0.2211
1305031813.685390 rgb/1305031813.685390.png 1305031813.680500 0.0676 -0.6858 1.3860 -0.4620 0.8029 -0.3102 0.2138
1305031813.717434 rgb/1305031813.717434.png 1305031813.720600 0.0640 -0.6801 1.3785 -0.4649 0.8071 -0.3004 0.2057
1305031813.749460 rgb/1305031813.749460.png 1305031813.750500 0.0611 -0.6749 1.3732 -0.4671 0.8110 -0.2910 0.1985
1305031813.785473 rgb/1305031813.785473.png 1305031813.780500 0.0586 -0.6694 1.3679 -0.4697 0.8139 -0.2828 0.1921
1305031813.817425 rgb/1305031813.817425.png 1305031813.820500 0.0550 -0.6610 1.3604 -0.4740 0.8188 -0.2680 0.1821
1305031813.849442 rgb/1305031813.849442.png 1305031813.850900 0.0526 -0.6543 1.3542 -0.4762 0.8232 -0.2560 0.1735
1305031813.885478 rgb/1305031813.885478.png 1305031813.880500 0.0503 -0.6469 1.3474 -0.4764 0.8292 -0.2410 0.1655
1305031813.917420 rgb/1305031813.917420.png 1305031813.920500 0.0474 -0.6373 1.3382 -0.4744 0.8369 -0.2240 0.1559
1305031813.949430 rgb/1305031813.949430.png 1305031813.950500 0.0447 -0.6305 1.3319 -0.4718 0.8416 -0.2164 0.1491
1305031813.985350 rgb/1305031813.985350.png 1305031813.980500 0.0423 -0.6240 1.3260 -0.4677 0.8470 -0.2086 0.1424
1305031814.017410 rgb/1305031814.017410.png 1305031814.020500 0.0391 -0.6157 1.3191 -0.4620 0.8535 -0.1989 0.1363
1305031814.049397 rgb/1305031814.049397.png 1305031814.050500 0.0367 -0.6102 1.3154 -0.4579 0.8571 -0.1937 0.1346
1305031814.085369 rgb/1305031814.085369.png 1305031814.080500 0.0345 -0.6052 1.3127 -0.4520 0.8613 -0.1897 0.1336
1305031814.117410 rgb/1305031814.117410.png 1305031814.120500 0.0315 -0.5991 1.3111 -0.4437 0.8664 -0.1870 0.1321
1305031814.149406 rgb/1305031814.149406.png 1305031814.150500 0.0295 -0.5954 1.3114 -0.4365 0.8692 -0.1907 0.1329
1305031814.185515 rgb/1305031814.185515.png 1305031814.190500 0.0275 -0.5911 1.3134 -0.4247 0.8727 -0.1997 0.1348
1305031814.217368 rgb/1305031814.217368.png 1305031814.220500 0.0260 -0.5889 1.3158 -0.4158 0.8749 -0.2083 0.1349
1305031814.249436 rgb/1305031814.249436.png 1305031814.250500 0.0246 -0.5872 1.3193 -0.4058 0.8760 -0.2215 0.1376
1305031814.285406 rgb/1305031814.285406.png 1305031814.281700 0.0230 -0.5862 1.3240 -0.3942 0.8765 -0.2375 0.1413
1305031814.317389 rgb/1305031814.317389.png 1305031814.320500 0.0205 -0.5853 1.3304 -0.3804 0.8788 -0.2504 0.1421
1305031814.349391 rgb/1305031814.349391.png 1305031814.350500 0.0185 -0.5855 1.3359 -0.3692 0.8793 -0.2641 0.1445
1305031814.385364 rgb/1305031814.385364.png 1305031814.380500 0.0159 -0.5862 1.3417 -0.3568 0.8794 -0.2788 0.1467
1305031814.417465 rgb/1305031814.417465.png 1305031814.420500 0.0120 -0.5877 1.3495 -0.3394 0.8804 -0.2964 0.1475
1305031814.449403 rgb/1305031814.449403.png 1305031814.450500 0.0088 -0.5892 1.3557 -0.3267 0.8810 -0.3088 0.1473
1305031814.485389 rgb/1305031814.485389.png 1305031814.480500 0.0052 -0.5910 1.3620 -0.3129 0.8808 -0.3236 0.1467
1305031814.517461 rgb/1305031814.517461.png 1305031814.520500 -0.0004 -0.5945 1.3705 -0.2960 0.8798 -0.3435 0.1423
1305031814.549456 rgb/1305031814.549456.png 1305031814.550500 -0.0048 -0.5968 1.3770 -0.2846 0.8794 -0.3553 0.1392
1305031814.585485 rgb/1305031814.585485.png 1305031814.580500 -0.0095 -0.5996 1.3834 -0.2726 0.8771 -0.3707 0.1375
1305031814.617521 rgb/1305031814.617521.png 1305031814.620500 -0.0157 -0.6038 1.3926 -0.2557 0.8718 -0.3949 0.1363
1305031814.649442 rgb/1305031814.649442.png 1305031814.650500 -0.0201 -0.6070 1.3989 -0.2444 0.8686 -0.4094 0.1348
1305031814.685443 rgb/1305031814.685443.png 1305031814.680500 -0.0244 -0.6098 1.4052 -0.2356 0.8650 -0.4227 0.1330
1305031814.717506 rgb/1305031814.717506.png 1305031814.720500 -0.0293 -0.6137 1.4135 -0.2259 0.8580 -0.4415 0.1337
1305031814.749513 rgb/1305031814.749513.png 1305031814.750500 -0.0330 -0.6168 1.4198 -0.2191 0.8546 -0.4517 0.1329
1305031814.785428 rgb/1305031814.785428.png 1305031814.780500 -0.0359 -0.6190 1.4254 -0.2115 0.8509 -0.4625 0.1320
1305031814.817655 rgb/1305031814.817655.png 1305031814.820500 -0.0396 -0.6220 1.4329 -0.2063 0.8454 -0.4753 0.1296
1305031814.849469 rgb/1305031814.849469.png 1305031814.850500 -0.0417 -0.6235 1.4380 -0.2011 0.8412 -0.4857 0.1263
1305031814.885483 rgb/1305031814.885483.png 1305031814.880500 -0.0439 -0.6249 1.4430 -0.1943 0.8360 -0.4981 0.1237
1305031814.917497 rgb/1305031814.917497.png 1305031814.920500 -0.0462 -0.6265 1.4493 -0.1889 0.8298 -0.5107 0.1221
1305031814.949453 rgb/1305031814.949453.png 1305031814.950500 -0.0477 -0.6274 1.4538 -0.1863 0.8251 -0.5193 0.1214
1305031814.985407 rgb/1305031814.985407.png 1305031814.980500 -0.0488 -0.6281 1.4584 -0.1809 0.8212 -0.5274 0.1214
1305031815.017453 rgb/1305031815.017453.png 1305031815.020500 -0.0501 -0.6290 1.4639 -0.1736 0.8159 -0.5380 0.1216
1305031815.049420 rgb/1305031815.049420.png 1305031815.050500 -0.0508 -0.6291 1.4679 -0.1705 0.8130 -0.5431 0.1225
1305031815.085286 rgb/1305031815.085286.png 1305031815.080500 -0.0515 -0.6291 1.4719 -0.1674 0.8094 -0.5489 0.1248
1305031815.117774 rgb/1305031815.117774.png 1305031815.120500 -0.0519 -0.6288 1.4770 -0.1640 0.8036 -0.5568 0.1314
1305031815.149413 rgb/1305031815.149413.png 1305031815.150500 -0.0518 -0.6281 1.4804 -0.1614 0.8002 -0.5616 0.1346
1305031815.185441 rgb/1305031815.185441.png 1305031815.180500 -0.0515 -0.6271 1.4837 -0.1607 0.7968 -0.5661 0.1370
1305031815.217524 rgb/1305031815.217524.png 1305031815.220500 -0.0509 -0.6256 1.4879 -0.1606 0.7910 -0.5736 0.1399
1305031815.249490 rgb/1305031815.249490.png 1305031815.250500 -0.0510 -0.6241 1.4911 -0.1591 0.7863 -0.5799 0.1417
1305031815.285447 rgb/1305031815.285447.png 1305031815.280500 -0.0507 -0.6228 1.4941 -0.1575 0.7811 -0.5871 0.1430
1305031815.317708 rgb/1305031815.317708.png 1305031815.320500 -0.0502 -0.6210 1.4979 -0.1561 0.7750 -0.5957 0.1419
1305031815.349477 rgb/1305031815.349477.png 1305031815.350500 -0.0500 -0.6197 1.5006 -0.1556 0.7703 -0.6023 0.1402
1305031815.385427 rgb/1305031815.385427.png 1305031815.380600 -0.0500 -0.6181 1.5037 -0.1529 0.7645 -0.6105 0.1395
1305031815.417561 rgb/1305031815.417561.png 1305031815.420600 -0.0497 -0.6159 1.5070 -0.1520 0.7593 -0.6171 0.1397
1305031815.449601 rgb/1305031815.449601.png 1305031815.450500 -0.0495 -0.6143 1.5092 -0.1518 0.7558 -0.6212 0.1409
1305031815.485593 rgb/1305031815.485593.png 1305031815.490500 -0.0494 -0.6125 1.5116 -0.1516 0.7515 -0.6261 0.1421
1305031815.517598 rgb/1305031815.517598.png 1305031815.520500 -0.0492 -0.6115 1.5130 -0.1514 0.7492 -0.6289 0.1427
1305031815.549484 rgb/1305031815.549484.png 1305031815.550500 -0.0489 -0.6109 1.5141 -0.1511 0.7470 -0.6315 0.1430
1305031815.585442 rgb/1305031815.585442.png 1305031815.580600 -0.0488 -0.6104 1.5148 -0.1510 0.7460 -0.6326 0.1429
1305031815.617445 rgb/1305031815.617445.png 1305031815.620500 -0.0484 -0.6100 1.5159 -0.1501 0.7434 -0.6356 0.1446
1305031815.649511 rgb/1305031815.649511.png 1305031815.650500 -0.0482 -0.6103 1.5162 -0.1499 0.7437 -0.6353 0.1444
1305031815.685482 rgb/1305031815.685482.png 1305031815.680500 -0.0479 -0.6110 1.5162 -0.1490 0.7439 -0.6353 0.1441
1305031815.717591 rgb/1305031815.717591.png 1305031815.720500 -0.0471 -0.6119 1.5162 -0.1481 0.7449 -0.6343 0.1441
1305031815.749417 rgb/1305031815.749417.png 1305031815.750500 -0.0465 -0.6127 1.5160 -0.1485 0.7454 -0.6339 0.1430
1305031815.785408 rgb/1305031815.785408.png 1305031815.780500 -0.0458 -0.6135 1.5157 -0.1479 0.7459 -0.6335 0.1428
1305031815.817442 rgb/1305031815.817442.png 1305031815.810500 -0.0453 -0.6143 1.5152 -0.1473 0.7469 -0.6325 0.1429
