point: 0 413.28003 187.20001 413.8682215011322 187.43880147331095
point: 1 184.32 290.88 185.98745253417923 290.78781741304743
point: 2 186.62402 290.30405 187.15411028240968 290.15204597349884
point: 3 349.05603 229.82402 349.33018514092197 230.79134045459352
point: 4 277.92 236.16 276.40470084966455 235.73647158652471
point: 5 185.0 292.0 185.99620594517017 291.8434162534577
point: 6 349.92 230.40001 349.330155676686 230.7913390968787
point: 7 350.40002 231.6 349.53583844855217 231.95685612803203
point: 8 278.40002 236.40001 276.35700524926796 236.65642103336256
point: 9 278.20804 235.00803 276.6794604301822 235.74934547859857
point: 10 419.90405 188.35202 419.6614694106063 188.53263595857985
point: 11 502.84805 262.65604 505.81901577708175 263.4312797329621
point: 12 350.43845 230.16963 348.68864608703797 228.82652191424387
point: 13 281.18024 236.39046 277.30726242453903 235.1148191688488
point: 14 343.38824 364.29016 339.5817229009257 361.3838576637479
point: 15 349.36023 367.27612 347.14229394250884 367.5325371319756
point: 16 231.6 219.6 230.1328007572898 219.5859260724934
point: 17 186.32545 290.23773 187.5635795602121 290.64972208437655
point: 18 501.12006 269.56802 502.52044723076193 270.0209482804302
point: 19 337.2 114.00001 336.58988992459626 112.60837693507112
point: 20 420.48 187.20001 420.3415000315864 187.72125525049734
point: 21 283.07138 236.49 278.4530426669751 236.8897737119026
point: 22 333.2359 240.07318 329.2536457209217 242.72200230222654
point: 23 502.80002 262.80002 504.0314279050899 262.63751518675895
point: 24 231.0 219.0 230.27013847027237 220.54775819647384
point: 25 421.2 188.40001 421.02018276502133 188.45276201385175
point: 26 232.90681 214.9909 232.55246947934268 217.61719733888094
point: 27 279.0 236.0 276.1960215626342 236.07248645412542
point: 28 321.40802 105.40801 322.3773635146229 105.67423522593465
point: 29 231.55202 219.45602 230.63525786808844 220.38859968690764
point: 30 231.41382 218.97221 231.64344371373693 218.71719702537516
point: 31 232.90681 217.9769 233.05568246039957 218.7813929524445
point: 32 150.49364 243.65637 148.5035723764959 240.96619999021877
point: 33 499.2 262.80002 500.6717837176064 262.4811912649961
point: 34 272.3218 250.82272 273.0431547552002 250.48012753733514
point: 35 510.0 266.0 513.2526025125148 265.8294591800824
point: 36 135.0 182.0 134.52833321070102 182.19167950262158
point: 37 350.0 232.0 350.51106953826866 231.80873954002902
point: 38 37.0 264.0 37.485988072712686 263.99188499129747
point: 39 62.4 289.2 61.83195226954973 289.5493375502275
point: 40 231.84001 218.88 230.03216910941123 218.43331060905123
point: 41 55.296005 273.02402 53.44595655505058 272.05903649865286
point: 42 46.08 273.6 44.82913292415258 274.8205197636786
point: 43 354.73502 365.48456 353.467508689934 364.40745441908956
point: 44 61.0 287.0 61.1375346790833 286.8624860263945
point: 45 324.86404 110.59201 325.2873437331987 110.78930775583098
point: 46 205.63202 267.84003 207.1290816827274 267.2503090082273
point: 47 346.37424 226.93484 348.1619715649476 229.76322420780335
point: 48 280.68256 235.89279 279.71046462578727 238.100566602629
point: 49 343.98547 365.48456 343.6787902736682 363.89709714922026
point: 50 414.0 188.0 413.57663150916807 187.9304633200019
point: 51 500.0 263.0 500.87850821202676 262.2947602779683
point: 52 50.4 273.6 49.37004167303328 272.98214881428504
point: 53 52.800003 302.40002 52.37983099755612 302.1412346165553
point: 54 418.86725 186.62402 418.01819314115335 187.11401212565337
point: 55 139.7441 236.49 145.34907962508993 234.18960110376105
point: 56 65.0 308.0 65.25826992094586 307.9319553746004
point: 57 324.0 111.600006 323.8364105205656 111.00209684139088
point: 58 344.21765 364.95364 185.70276211785173 291.83948952589395
point: 59 414.72003 186.62402 413.74091822682135 186.58211526529277
point: 60 205.28642 265.42084 207.9331472851368 267.61416973963713
point: 61 151.37282 240.53763 148.9724787255607 240.89411011704806
point: 62 136.85764 236.39046 141.32026357234275 238.35593408034424
point: 63 347.56863 336.8191 347.0613956225675 336.81958763136697
point: 64 323.0 109.0 323.91294980512794 109.46132638638018
point: 65 501.12003 267.84 502.42105868078914 268.8981935967946
point: 66 514.94403 271.29602 516.0484992030699 270.6765462049566
point: 67 136.85762 236.39043 141.52899262456214 238.75655882268987
point: 68 217.9769 194.08902 220.74632240643726 195.36505072270688
point: 69 347.56863 225.74046 346.97289022208946 226.24824852402173
point: 70 316.5144 244.85075 315.37784678916796 245.61223604862087
point: 71 528.0 272.0 528.4925142856763 271.4454272052129
point: 72 478.08002 282.24002 481.10935739096715 281.89570779545056
point: 73 503.0 263.0 504.63636858816983 262.47029346199116
point: 74 143.0 194.0 144.61253878825823 194.88185558486185
point: 75 64.8 308.40002 64.54756934909706 307.8763428832162
