point: 0 0.4016983453672617 -0.3419969518199488 2.1938 0.39193804659870846 -0.32529599284289645 2.2251916042607722
point: 1 -0.33631761811363153 0.10455635342940262 1.4664 -0.32838574921329045 0.09076744400905382 1.4457662486018037
point: 2 -0.32756529638971843 0.10140736621000035 1.4492 -0.31622842361980796 0.08651427124011488 1.4282544769352197
point: 3 0.1360609184383773 -0.09875841977520315 1.5268 0.13336566904973013 -0.1156850193163757 1.5506645660821314
point: 4 -0.32900565709659485 0.10613731285988486 1.4438 -0.3205319163446988 0.09162214143697778 1.427908616442994
point: 5 0.13606082898888935 -0.09875841977520315 1.5268 0.13608614152377885 -0.11410745018519304 1.5507603419316816
point: 6 0.13687344979842575 -0.09483009873871608 1.5202 0.13776726346134585 -0.11057107661284643 1.550754051156766
point: 7 -0.0882617269801966 -0.07467971834325512 1.5526 -0.08753260344922845 -0.08644412852542008 1.5949542669622137
point: 8 0.42334493147377134 -0.33437963075253413 2.168 0.4188274073563256 -0.3206952021253874 2.212397155018697
point: 9 0.6070973601410269 -0.02279934779542418 1.5268 0.5928603410558221 -0.04666576594607298 1.533026900258975
point: 10 0.13383246334469182 -0.10463246864597076 1.5268 0.13760749235831252 -0.11490187945494298 1.55085675922128
point: 11 -0.08640748672529298 -0.07673940796132733 1.5526 -0.07882937478987442 -0.08266558665980289 1.6017031820924499
point: 12 0.1291655857800201 0.23212618563309742 1.1782 0.14251918033835104 0.20482345972597704 1.183964725212689
point: 13 0.14749939278866053 0.2424624548972454 1.163 0.15677748978264472 0.20800264186960393 1.1727781731602465
point: 14 -0.24430684423800011 -0.12076110521664314 1.5848 -0.24134541854835376 -0.1259870969927439 1.6097037882518535
point: 15 -0.32627294240868426 0.10279178664077498 1.4492 -0.31708813856263474 0.08637893621604764 1.4282149261956394
point: 16 0.5876006295866003 -0.002482623860364651 1.4902 0.5800440738722397 -0.0272930059956408 1.5006413321486454
point: 17 0.03214304762115437 -0.8160643217342325 2.7448 0.07690717646828152 -0.45438974909074115 1.517636609080413
point: 18 0.4244201689121291 -0.3359795015782449 2.1552 0.42096119381233077 -0.3257451133322958 2.2126329872657755
point: 19 -0.08255073976390405 -0.0714003392465192 1.5526 -0.07287197385074215 -0.08272470185771147 1.6020027318508208
point: 20 0.0766800883377552 -0.05996360233006684 1.5332 0.08090547904203786 -0.08056855392313525 1.7346376363237013
point: 21 0.6017509642453266 -0.02490936921747537 1.5268 0.5927459135451085 -0.04623239194643767 1.5330100980220998
point: 22 -0.24369836820886934 -0.1177193090211132 1.5848 -0.24336779246990306 -0.12777056972964335 1.6096482002652943
point: 23 0.42739914113493466 -0.33300110113513665 2.1552 0.42434451153703256 -0.3208359891551535 2.2126767651166435
point: 24 -0.23688470869322487 -0.12737851462219585 1.5848 -0.23988992306899695 -0.14108857583407675 1.6177746024942024
point: 25 -0.08971637550393556 -0.07360694817658346 1.5526 -0.08575272614559251 -0.08346369957528466 1.6013772193712166
point: 26 -0.046770519707852516 -0.8512146049561015 2.7448 -0.06423472682560868 -0.7887536276154462 2.767087080811225
point: 27 -0.2425543478544122 -0.11827893268372866 1.5848 -0.24152658693271536 -0.12643412293212597 1.6097061512879118
point: 28 -0.23961015392998453 -0.12374539343191425 1.5848 -0.24206230907072082 -0.12794080201064062 1.6097178627580049
point: 29 -0.23506782257496048 -0.12374539343191425 1.5848 -0.23928314149496108 -0.13157688827567782 1.6175618272295205
point: 30 -0.47618824178044283 -0.03838251378972788 1.5138 -0.5233089589026086 -0.030904731933345288 1.6708895607115513
point: 31 0.5936773178408162 -0.025013783654855407 1.5332 0.5840200020836611 -0.045371792012022974 1.539161964637605
point: 32 -0.10938546924118721 -0.03019975570942295 1.6344 -0.10941855936423137 -0.03429676682646331 1.6365957749368534
point: 33 0.6271664043002495 -0.016631746641074825 1.5202 0.6086253615173328 -0.03879706245054477 1.514183871776218
point: 34 -0.5228426953349972 -0.21443631477927058 1.4956 -0.533658125500709 -0.22192543379610663 1.546852401406101
point: 35 0.13979186024188897 -0.0954137044145873 1.5202 0.13663623620686488 -0.10928635432942699 1.550664628547264
point: 36 -0.6877852946822808 0.043087293666026906 1.2976 -0.6708741471606962 0.0274512782270587 1.2868247726577426
point: 37 -0.6272089383461262 0.10885029576394933 1.3158 -0.6231101296110192 0.09432680776742736 1.3285695486593596
point: 38 -0.24332024416031006 -0.12390893509233293 1.5784 -0.2407306497090965 -0.12831776665277747 1.6097941191469145
point: 39 -0.6371210496749776 0.06192319354212905 1.2878 -0.6303694426338544 0.049511556483525065 1.3035112324887446
point: 40 -0.6496866202764718 0.06952459405412147 1.2706 -0.6432325899340421 0.05051302208509714 1.2834115210181802
point: 41 0.16172003791092862 0.23381883187145738 1.1598 0.1689387177550499 0.20307913765213675 1.1735124302164346
point: 42 -0.6272212708773278 0.10145389635316703 1.3116 -0.627236197353529 0.08866425586455606 1.3285078709066775
point: 43 -0.028347446365927783 -0.8177801060910509 2.7244 -0.04267465727741637 -0.7573404048193189 2.746930562405934
point: 44 -0.3136458934646991 0.034455642291341806 1.5988 -0.28888166691760087 0.025387954755113615 1.5129137318320842
point: 45 0.13237381054443775 -0.10171563355663683 1.5268 0.12470899446375477 -0.12391066992322584 1.5504417459792537
point: 46 -0.07931631662475336 -0.06812068462701307 1.559 -0.08049165228814573 -0.08413145558687503 1.6016574907406504
point: 47 0.13906890382406048 0.2359961412215279 1.1706 0.14409137935950525 0.20752662183652387 1.1839742832135274
point: 48 0.4020451526204645 -0.34182103646833006 2.2068 0.39365675110761145 -0.32062081937732617 2.2111360083295577
point: 49 0.5942658475715108 -0.025602380038387683 1.5332 0.5827022014634042 -0.04531826567818751 1.5260741698672011
point: 50 -0.6378611961831971 0.06413969289827258 1.2706 -0.6375327755609296 0.05081209869190284 1.2933041661842808
point: 51 -0.6455020226557486 0.14295494355946725 1.3062 -0.6404689671554182 0.12960383985805962 1.3159823568801963
point: 52 0.41615308859216016 -0.34013205154038206 2.168 0.413955419132814 -0.3277643454796602 2.2123341144941753
point: 53 -0.6095300639752488 -0.07111780229389092 1.8184 -0.605897540921077 -0.049951319215496996 1.7792209433621433
point: 54 -0.627752658859666 0.16018633397312862 1.3396 -0.6244983036157253 0.1478890534292355 1.3485647225421689
point: 55 -0.037412324822422856 -0.8223863018177933 2.7448 -0.046905890708325765 -0.7517162990315213 2.746575121248301
